411, -4.7656, 247.576, 10.8478
411, -4.8132, 247.627, 10.8108
411, -4.84474, 247.663, 10.7523
411, -4.88346, 247.705, 10.7101
411, -4.91147, 247.746, 10.6691
411, -4.92928, 247.798, 10.6324
411, -4.9422, 247.863, 10.5987
411, -4.93693, 247.933, 10.5561
411, -4.92705, 247.985, 10.5195
411, -4.91607, 248.017, 10.4888
411, -4.91212, 248.032, 10.4554
411, -4.91848, 248.045, 10.4262
411, -4.92782, 248.064, 10.3955
411, -4.93627, 248.091, 10.3668
411, -4.94472, 248.084, 10.3542
411, -4.95904, 248.066, 10.3495
411, -4.96676, 248.047, 10.3418
411, -4.95982, 248.03, 10.3301
411, -4.94162, 248.016, 10.3135
411, -4.92339, 248, 10.3007
411, -4.89631, 247.993, 10.2796
411, -4.86969, 247.984, 10.2598
411, -4.84185, 247.972, 10.2399
411, -4.81481, 247.96, 10.2208
411, -4.78683, 247.951, 10.2012
411, -4.76532, 247.939, 10.1876
411, -4.73816, 247.928, 10.17
411, -4.71006, 247.925, 10.1509
411, -4.68358, 247.918, 10.1313
411, -4.66648, 247.896, 10.1207
411, -4.64943, 247.86, 10.1108
411, -4.64631, 247.848, 10.1095
411, -4.63613, 247.83, 10.103
411, -4.62165, 247.824, 10.0914
411, -4.61416, 247.81, 10.0865
411, -4.60488, 247.807, 10.078
411, -4.5936, 247.803, 10.0711
411, -4.58676, 247.799, 10.0659
411, -4.58252, 247.796, 10.0614
411, -4.56095, 247.811, 10.0426
411, -4.5368, 247.846, 10.0197
411, -4.51287, 247.922, 10.0044
411, -4.47814, 248.018, 9.98156
411, -4.44039, 248.179, 9.92958
411, -4.13643, 248.527, 9.78395
411, -3.82945, 248.926, 9.60504
411, -3.5725, 249.391, 9.3267
411, -3.00241, 250.427, 8.87801
411, -2.47341, 250.768, 8.58195
411, -1.87162, 251.641, 8.17515
411, -1.32924, 252.451, 7.646
411, -0.709701, 253.242, 6.82277
411, -0.00181182, 253.828, 5.998
411, 0.717293, 254.555, 5.07526
411, 1.19542, 255.031, 4.20527
411, 2.20104, 255.051, 3.37644
411, 3.36096, 255.044, 2.30014
411, 4.60749, 254.967, 1.31735
411, 6.04444, 254.86, 0.429662
411, 7.45657, 254.874, -0.551247
411, 8.92922, 254.567, -1.43016
411, 10.5608, 254.205, -2.40464
411, 12.2099, 253.738, -3.3832
411, 13.9882, 252.999, -4.25431
411, 15.6701, 251.988, -5.34391
411, 17.1369, 249.337, -6.15245
411, 18.2612, 247.299, -7.1425
411, 19.2399, 245.849, -7.66274
411, 20.6328, 244.002, -7.81431
411, 21.7325, 242.457, -8.00687
411, 22.7309, 240.598, -8.03168
411, 23.2195, 238.787, -8.51626
411, 23.6159, 237.462, -8.77152
411, 23.8436, 236.627, -8.9086
411, 23.9416, 236.062, -8.97555
411, 23.9266, 235.16, -9.06943
411, 23.7745, 233.116, -9.24904
411, 25.0238, 229.452, -6.98693
411, 25.2403, 226.77, -4.81854
411, 25.1053, 224.327, -3.33485
411, 24.5873, 222.559, -2.23266
411, 24.2128, 221.583, -1.2245
411, 23.347, 220.081, 0.230043
411, 22.6912, 218.994, 1.59127
411, 21.482, 217.787, 3.17503
411, 19.3084, 216.166, 4.54423
411, 16.975, 214.411, 6.05943
411, 15.4343, 212.979, 7.76976
411, 14.0967, 211.225, 9.38407
411, 13.1314, 210.067, 11.0054
411, 12.2401, 208.354, 13.6062
411, 11.4009, 207.16, 15.8638
411, 10.5068, 206.112, 17.9647
411, 9.55282, 205.411, 19.9311
411, 8.56804, 205.03, 21.3683
411, 7.56262, 204.49, 22.3216
411, 6.82331, 203.944, 23.0679
411, 6.1294, 203.27, 23.7252
411, 5.5533, 202.741, 24.1207
411, 5.19639, 202.314, 24.4068
411, 5.205, 201.83, 24.7465
411, 5.17622, 201.419, 24.9807
411, 5.20455, 200.849, 25.1544
411, 5.40365, 200.231, 25.3234
411, 5.84662, 199.857, 25.6461
411, 6.17496, 199.147, 25.497
411, 6.71461, 198.352, 25.1749
411, 7.62178, 197.568, 24.6049
411, 8.59319, 197.059, 23.6537
411, 9.51167, 196.588, 22.83
411, 10.7898, 196.417, 20.8807
411, 12.2416, 195.968, 19.2349
411, 12.9119, 195.476, 18.4737
411, 13.5406, 194.972, 17.8985
411, 14.8258, 194.333, 16.434
411, 16.4372, 193.618, 14.4413
411, 18.2035, 192.468, 12.3322
411, 21.0916, 192.603, 9.69136
411, 22.7657, 191.601, 8.14204
411, 24.2307, 191.418, 6.83542
411, 26.0052, 191.75, 5.68247
411, 27.6125, 191.632, 4.5802
411, 30.587, 191.964, 4.56802
411, 32.881, 192.469, 4.33703
411, 33.9366, 192.488, 3.81665
411, 35.851, 192.218, 3.45243
411, 37.595, 191.713, 3.20075
411, 39.1347, 191.034, 3.27556
411, 40.1856, 190.915, 3.08426
411, 41.2021, 191.284, 2.58995
411, 42.0036, 191.867, 1.99731
411, 42.7591, 192.231, 1.53927
411, 43.8095, 192.221, 1.40901
411, 44.4725, 192.587, 1.19419
411, 45.0831, 193.1, 0.966377
411, 45.4929, 193.775, 0.728616
411, 45.7452, 194.457, 0.515285
411, 45.9686, 195.045, 0.293015
411, 46.0564, 195.616, 0.140364
411, 46.2386, 196.721, 0.513775
411, 46.2442, 196.814, 0.25227
411, 46.1624, 196.829, -0.0740545
411, 46.1, 196.908, -0.333047
411, 45.7912, 196.927, -0.550067
411, 45.476, 196.947, -0.779882
411, 45.3131, 197.063, -0.914928
411, 45.1774, 197.139, -0.977323
411, 45.0687, 197.33, -1.00443
411, 44.925, 197.479, -0.962072
411, 44.9742, 198.485, -0.501662
411, 44.9121, 198.802, -0.442429
411, 44.7913, 199.028, -0.396071
411, 44.3995, 198.972, -0.34073
411, 44.1838, 198.748, -0.160767
411, 43.9695, 198.502, -0.0427592
411, 43.4141, 198.438, 0.0795169
411, 43.2758, 198.772, 0.0818807
411, 42.9941, 199.09, 0.149968
411, 42.6941, 199.037, 0.279389
411, 42.2659, 198.922, 0.255179
411, 41.8896, 198.849, 0.241075
411, 39.7681, 199.44, -0.572611
411, 38.7792, 200.831, -1.25727
411, 38.8105, 201.363, -1.25477
411, 38.6164, 201.268, -1.06617
411, 38.4655, 201.24, -0.914412
