411, -2.13325, 282.221, 10.9791
411, -2.11926, 282.212, 10.9927
411, -2.10492, 282.202, 11.0026
411, -2.09737, 282.184, 11.0151
411, -2.08823, 282.181, 11.025
411, -2.08193, 282.188, 11.0345
411, -2.08612, 282.202, 11.0392
411, -2.09212, 282.213, 11.0446
411, -2.09465, 282.229, 11.0481
411, -2.09685, 282.258, 11.0518
411, -2.09595, 282.297, 11.0536
411, -2.08838, 282.342, 11.0521
411, -2.07911, 282.411, 11.0501
411, -2.07309, 282.473, 11.0497
411, -2.0585, 282.559, 11.0435
411, -2.04455, 282.637, 11.0382
411, -2.03589, 282.691, 11.0321
411, -2.02877, 282.751, 11.0265
411, -2.03023, 282.809, 11.02
411, -2.09615, 282.878, 10.9877
411, -2.46347, 282.919, 10.876
411, -2.76075, 282.996, 10.901
411, -2.89125, 283.061, 10.9491
411, -2.95925, 283.174, 10.9719
411, -2.93319, 283.278, 10.9758
411, -2.92244, 283.357, 10.986
411, -2.91324, 283.457, 11.0021
411, -2.9096, 283.587, 11.0416
411, -2.88446, 283.794, 11.0651
411, -2.89699, 283.923, 11.1072
411, -2.92747, 283.962, 11.1557
411, -3.16552, 283.807, 11.1159
411, -3.56576, 283.023, 10.859
411, -4.07684, 281.886, 10.7822
411, -4.29599, 281.315, 10.692
411, -4.37192, 281.055, 10.6612
411, -4.44537, 280.684, 10.6659
411, -4.55306, 280.108, 10.667
411, -4.85276, 278.826, 10.8672
411, -5.06494, 277.512, 11.2172
411, -5.32621, 276.179, 11.68
411, -5.63794, 275.579, 12.0699
411, -5.80479, 274.016, 12.8593
411, -6.19574, 273.03, 13.3766
411, -6.52492, 271.643, 13.8165
411, -6.96384, 270.035, 14.3263
411, -7.53845, 268.655, 15.3421
411, -7.82209, 266.833, 16.1672
411, -8.16753, 264.526, 17.1144
411, -8.83879, 262.207, 18.02
411, -9.32973, 260.657, 18.6148
411, -9.37855, 258.418, 19.8254
411, -9.27827, 256.879, 21.2835
411, -9.48945, 255.273, 22.7038
411, -9.26523, 253.264, 24.2768
411, -9.33017, 250.994, 25.3176
411, -9.274, 249.512, 26.4785
411, -9.15172, 247.955, 27.4147
411, -9.0613, 246.636, 28.234
411, -9.0558, 245.161, 29.0931
411, -9.04846, 244.004, 29.7027
411, -9.00724, 242.879, 30.173
411, -8.97661, 241.993, 30.6335
411, -8.93816, 241.206, 30.9999
411, -8.90611, 240.435, 31.3139
411, -8.90447, 239.795, 31.5879
411, -8.76077, 239.036, 31.9574
411, -8.69347, 238.368, 32.2527
411, -8.59096, 237.74, 32.4872
411, -8.49321, 237.145, 32.6504
411, -8.42718, 236.69, 32.7687
411, -8.36983, 236.284, 32.8602
411, -8.25742, 235.886, 32.8181
411, -6.33095, 235.262, 32.0652
411, -5.86209, 234.996, 31.9028
411, -4.1703, 234.553, 31.2376
411, -2.38886, 233.941, 30.6771
411, -0.722999, 233.415, 30.2425
411, 0.427428, 232.994, 29.955
411, 1.90933, 232.523, 29.5249
411, 3.13983, 232.205, 29.1311
411, 5.17575, 232.482, 28.9458
411, 6.56532, 232.102, 28.614
411, 7.55916, 231.705, 27.6762
411, 8.69324, 231.059, 26.3368
411, 10.1001, 230.632, 25.016
411, 11.6538, 230.324, 23.8483
411, 12.4971, 230.106, 23.2284
411, 13.3922, 229.764, 22.473
411, 14.4865, 229.371, 21.5328
411, 16.2991, 228.855, 20.3841
411, 17.3274, 227.513, 19.4039
411, 18.4596, 226.426, 18.608
411, 19.4239, 226.185, 17.9874
411, 20.4074, 226.151, 17.3388
411, 21.2501, 226.663, 16.6526
411, 22.0487, 226.87, 16.2121
411, 22.6461, 227.171, 15.773
411, 23.2145, 227.555, 15.331
411, 23.5666, 228.75, 14.8499
411, 23.8443, 229.31, 14.2688
411, 24.1235, 230.473, 13.3988
411, 24.391, 231.504, 13.4023
411, 24.6589, 232.293, 13.3064
411, 24.655, 233.271, 13.0387
411, 24.7207, 234.376, 12.7747
411, 24.8317, 235.931, 13.0713
411, 25.0032, 237.881, 13.1769
411, 25.4073, 240.323, 13.7322
411, 25.8915, 243.047, 14.2266
411, 26.7298, 246.124, 14.5223
411, 27.2716, 248.428, 14.6347
411, 27.4131, 250.279, 14.4776
411, 27.3316, 252.763, 14.1899
411, 26.9997, 255.317, 13.8593
411, 26.9189, 258.189, 12.8785
411, 27.3433, 260.575, 12.8002
411, 27.869, 262.673, 13.1388
411, 28.345, 264.896, 13.2559
411, 28.7007, 266.474, 13.2863
411, 28.7475, 268.108, 13.1398
411, 28.8829, 269.683, 12.9287
411, 28.9139, 271.189, 12.8455
411, 28.7314, 272.623, 12.6689
411, 28.8097, 273.96, 12.4284
411, 29.1735, 274.971, 12.4721
411, 29.3255, 276.037, 12.3163
411, 29.4385, 276.843, 12.1175
411, 29.5308, 277.42, 11.9373
411, 29.5971, 277.815, 11.8064
411, 29.5407, 278.033, 11.6676
411, 28.7728, 277.669, 10.677
411, 28.2381, 276.728, 9.81838
411, 27.8825, 275.424, 9.19636
411, 27.7292, 273.984, 8.84867
411, 26.9639, 271.117, 8.19973
411, 26.3104, 266.445, 7.08642
411, 25.4011, 261.488, 6.17593
411, 24.9881, 256.88, 5.87237
411, 24.6183, 252.409, 6.19213
411, 24.2517, 247.974, 6.68082
411, 23.3584, 242.566, 5.83709
411, 22.7642, 237.277, 5.47146
411, 22.2893, 233.635, 5.79428
411, 21.4979, 228.413, 5.47603
411, 21.7653, 223.502, 5.87536
411, 21.6311, 219.175, 6.89839
411, 21.6309, 215.54, 9.41237
411, 21.5258, 212.618, 11.8704
411, 21.6112, 208.721, 13.654
411, 21.5897, 205.739, 15.122
411, 21.9691, 202.511, 16.0604
411, 22.9783, 199.397, 17.0072
411, 23.5656, 196.78, 17.9962
411, 23.9482, 194.497, 18.9957
411, 24.2328, 192.442, 20.8119
411, 24.4721, 190.853, 22.0758
411, 24.6729, 189.449, 23.0344
411, 24.8885, 188.15, 23.8285
411, 24.9862, 186.799, 24.6396
411, 25.4413, 185.596, 25.3483
411, 25.7945, 184.537, 25.9463
411, 26.032, 183.534, 26.3835
411, 26.2556, 182.706, 26.6121
411, 26.0411, 181.831, 26.6537
411, 25.7821, 180.487, 26.9563
411, 25.6112, 179.718, 27.12
411, 25.4745, 178.371, 26.2092
411, 25.6942, 178.475, 26.0542
411, 25.8004, 178.51, 25.985
411, 25.8885, 178.541, 25.9242
411, 25.9373, 178.595, 25.8462
411, 25.9753, 178.684, 25.7558
411, 25.9841, 178.756, 25.735
411, 25.9622, 178.82, 25.7382
411, 25.8373, 178.951, 25.7819
411, 25.7141, 179.272, 25.7707
411, 25.5648, 179.613, 25.7234
411, 25.4727, 180.248, 25.6411
411, 25.4061, 181.028, 25.6329
411, 25.3009, 181.771, 25.5721
411, 25.1222, 182.459, 25.4968
411, 25.0817, 183.796, 25.5163
411, 25.0349, 184.998, 25.6138
411, 24.9805, 185.866, 25.6652
411, 25.0012, 186.727, 25.7814
411, 25.0413, 187.938, 25.9876
411, 25.1481, 188.984, 26.1068
411, 25.3374, 190.242, 26.4726
411, 25.4273, 191.12, 26.7031
411, 25.562, 192.02, 26.747
411, 25.399, 192.387, 26.8686
411, 25.9935, 194.249, 26.9642
411, 26.4342, 195.589, 27.0465
411, 26.2489, 195.78, 26.9504
411, 26.1044, 195.93, 26.883
411, 25.9816, 196.066, 26.8241
411, 25.8567, 196.223, 26.7674
411, 25.6323, 196.571, 26.6637
411, 25.5462, 196.711, 26.6292
