721, -42.0286, 253.959, -58.2321
721, -42.0751, 253.867, -58.2286
721, -42.1201, 253.781, -58.2245
721, -42.1592, 253.712, -58.2224
721, -42.201, 253.618, -58.214
721, -42.2497, 253.485, -58.1945
721, -42.3701, 253.317, -58.0271
721, -42.468, 253.18, -57.8894
721, -42.5504, 253.047, -57.7595
721, -42.5988, 252.94, -57.6538
721, -42.6422, 252.847, -57.548
721, -42.6925, 252.825, -57.4641
721, -42.7728, 252.795, -57.3401
721, -42.832, 252.761, -57.239
721, -42.9043, 252.697, -57.1555
721, -42.9649, 252.639, -57.0863
721, -43.0242, 252.592, -57.0271
721, -43.0667, 252.595, -56.986
721, -43.0865, 252.655, -56.9848
721, -43.1286, 252.689, -56.9752
721, -43.1963, 252.75, -56.9584
721, -43.2653, 252.756, -56.922
721, -43.2861, 252.823, -56.9115
721, -43.3309, 252.884, -56.89
721, -43.3848, 252.94, -56.8593
721, -43.4841, 252.919, -56.8192
721, -43.6054, 252.92, -56.7293
721, -43.7806, 252.892, -56.6485
721, -43.9752, 252.858, -56.5308
721, -44.2697, 252.813, -56.3701
721, -44.7109, 252.797, -56.1701
721, -45.1847, 252.845, -56.0389
721, -45.6368, 252.899, -55.9508
721, -46.3993, 253.011, -55.9141
721, -47.1141, 253.268, -55.8919
721, -47.7298, 253.565, -55.8528
721, -48.2835, 254.001, -55.7745
721, -48.8589, 255.323, -55.7912
721, -49.1407, 257.703, -56.0003
721, -48.8394, 260.477, -56.5078
721, -47.722, 264.106, -57.5696
721, -45.9204, 267.981, -58.3623
721, -43.3932, 272.163, -58.8604
721, -39.8535, 276.094, -59.1004
721, -35.8321, 279.787, -58.8836
721, -31.6787, 282.693, -59.1836
721, -27.7917, 285.532, -59.9827
721, -23.5934, 288.8, -60.5515
721, -19.7607, 290.911, -61.1545
721, -15.9208, 293.064, -62.3125
721, -12.1731, 294.291, -63.1413
721, -8.65393, 295.189, -63.9608
721, -4.78734, 296.024, -64.8181
721, -0.916104, 296.403, -65.805
721, 2.65202, 296.157, -66.3956
721, 6.29063, 296.182, -67.3319
721, 9.60311, 295.323, -67.9866
721, 12.9414, 294.631, -68.6675
721, 15.9026, 293.186, -69.22
721, 18.5743, 291.017, -69.7989
721, 21.0665, 289.09, -70.069
721, 23.385, 286.486, -70.3707
721, 25.6594, 284.189, -70.3319
721, 27.524, 280.937, -70.0765
721, 28.467, 277.289, -69.7618
721, 28.882, 274.202, -69.3291
721, 28.8662, 270.585, -68.4004
721, 28.3488, 266.272, -67.4059
721, 27.5816, 261.079, -66.3893
721, 26.5036, 255.287, -65.0554
721, 25.2043, 249.78, -63.5545
721, 23.6857, 245.219, -61.8428
721, 21.5397, 240.626, -60.3087
721, 19.6935, 235.583, -58.632
721, 17.0822, 229.844, -56.9274
721, 13.9865, 224.517, -55.0256
721, 10.8775, 219.174, -53.4236
721, 7.0104, 213.515, -51.1342
721, 3.02012, 207.895, -48.6306
721, -0.946418, 203.467, -45.9626
721, -4.82637, 199.972, -43.0637
721, -8.82086, 197.576, -40.4664
721, -13.0679, 195.704, -38.6488
721, -17.5442, 194.755, -36.4119
721, -21.5012, 194.478, -35.1728
721, -25.2347, 194.261, -34.827
721, -28.3584, 194.509, -34.5941
721, -30.9454, 196.339, -34.8017
721, -32.7173, 198.682, -35.0653
721, -34.1288, 201.411, -35.7107
721, -35.5921, 204.965, -37.2837
721, -36.2694, 208.709, -38.7514
721, -36.7363, 212.209, -40.4162
721, -36.2717, 216.052, -41.9966
721, -35.1183, 220.241, -43.786
721, -33.3804, 223.675, -45.7157
721, -31.6123, 226.404, -47.2299
721, -29.6054, 228.649, -48.3031
721, -27.2436, 230.673, -49.1801
721, -24.4444, 232.082, -49.8294
721, -21.0411, 233.319, -50.585
721, -17.2239, 234.517, -51.6095
721, -13.4203, 234.685, -52.0527
721, -9.83717, 234.075, -52.3836
721, -5.75465, 233.178, -52.9171
721, -1.55385, 231.643, -53.0542
721, 2.99567, 229.809, -52.7108
721, 7.32634, 227.446, -51.7801
721, 11.8531, 225.276, -50.9425
721, 15.7783, 222.306, -50.0066
721, 20.0733, 219.27, -48.9516
721, 23.9984, 216.53, -47.7635
721, 27.9803, 213.687, -46.6552
721, 32.1126, 211.023, -45.5509
721, 36.2701, 208.748, -44.748
721, 40.3453, 206.324, -43.8784
721, 44.1631, 204.945, -43.0154
721, 46.9468, 203.131, -41.9679
721, 49.6346, 201.189, -40.7913
721, 52.5396, 199.675, -39.6398
721, 55.6792, 198.672, -38.9858
721, 58.5753, 197.946, -38.5046
721, 61.6542, 197.845, -38.0475
721, 64.4501, 198.099, -38.2434
721, 67.1678, 198.798, -38.2384
721, 69.2905, 199.476, -38.2917
721, 71.6612, 200.242, -38.1756
721, 73.391, 201.168, -38.4031
721, 74.7048, 201.996, -38.5882
721, 75.9101, 203.152, -38.6086
721, 77.0817, 204.772, -38.8954
721, 77.9044, 206.149, -39.1695
721, 78.5513, 207.543, -39.5
721, 79.1452, 209.514, -40.0525
721, 79.6338, 211.695, -40.5685
721, 79.663, 213.275, -41.1426
721, 79.3309, 214.467, -41.4731
721, 79.0355, 215.344, -41.8052
721, 78.7629, 216.428, -42.0836
721, 78.3798, 217.547, -42.417
721, 78.1566, 218.194, -42.6264
721, 77.9036, 218.981, -42.9131
721, 77.6129, 219.423, -43.1965
721, 77.2851, 219.766, -43.1832
721, 76.7039, 220.369, -42.9431
721, 76.2833, 221.285, -42.6729
721, 75.7455, 221.948, -42.4318
721, 75.5333, 222.146, -42.455
721, 75.3184, 222.168, -42.4249
