721, -7.56991, 288.071, -6.95414
721, -7.51475, 288.07, -6.99098
721, -7.46548, 288.067, -7.01913
721, -7.43073, 288.029, -7.04227
721, -7.40332, 287.999, -7.0581
721, -7.3881, 287.948, -7.06525
721, -7.36679, 287.93, -7.077
721, -7.34218, 287.902, -7.0942
721, -7.30262, 287.866, -7.13017
721, -7.23407, 287.813, -7.16161
721, -7.19067, 287.753, -7.1946
721, -7.15621, 287.728, -7.2482
721, -7.10701, 287.725, -7.32087
721, -7.02676, 287.792, -7.34673
721, -6.95112, 287.834, -7.36887
721, -6.8591, 287.903, -7.39478
721, -6.78027, 287.931, -7.41766
721, -6.71065, 287.928, -7.4432
721, -6.64756, 287.959, -7.48547
721, -6.58206, 288.003, -7.53161
721, -6.50283, 288.144, -7.80928
721, -6.38172, 288.144, -8.04912
721, -6.23299, 288.097, -8.20283
721, -6.10736, 288.039, -8.26143
721, -6.03604, 287.957, -8.2974
721, -5.95429, 287.573, -8.3412
721, -5.7929, 287.363, -8.34984
721, -5.57238, 287.354, -8.31661
721, -5.34587, 287.409, -8.28327
721, -4.96326, 287.152, -8.13784
721, -4.24728, 287.266, -8.07422
721, -3.39597, 287.434, -8.06403
721, -2.5098, 287.794, -8.12962
721, -1.60139, 288.332, -8.12602
721, -0.602677, 288.85, -8.20515
721, 0.16605, 289.359, -8.27642
721, 0.87295, 290.08, -8.36488
721, 1.75669, 291.247, -8.58999
721, 2.82106, 292.837, -9.12771
721, 3.44021, 294.039, -9.40728
721, 3.69256, 295.213, -9.51034
721, 3.75072, 297.01, -9.37517
721, 3.26044, 298.736, -9.20159
721, 2.09732, 300.07, -8.76011
721, 1.03762, 300.978, -8.43152
721, -1.00301, 301.499, -7.7607
721, -3.88414, 302.094, -7.0151
721, -6.91953, 302.968, -6.27867
721, -9.6455, 303.882, -5.61107
721, -12.2626, 304.434, -4.96679
721, -14.6216, 304.591, -4.39131
721, -16.7996, 304.853, -3.62853
721, -19.5047, 304.218, -2.61213
721, -21.7992, 303.224, -2.1737
721, -23.7208, 302.568, -1.77496
721, -25.489, 301.845, -1.58016
721, -27.4768, 300.686, -1.63001
721, -29.3468, 299.652, -1.91307
721, -30.7499, 298.775, -2.23201
721, -31.7974, 297.376, -2.55373
721, -32.5335, 296.3, -2.71878
721, -33.0976, 295.716, -2.34685
721, -33.4276, 294.379, -2.09003
721, -33.7275, 292.401, -1.88643
721, -33.6488, 289.507, -1.64565
721, -33.2945, 285.822, -1.50106
721, -32.4795, 282.808, -1.42008
721, -31.3744, 280.572, -1.37909
721, -30.2053, 277.653, -1.43725
721, -28.7063, 274.847, -1.54889
721, -27.186, 272.176, -1.45153
721, -24.9309, 269.643, -1.40475
721, -22.4872, 267.281, -1.29432
721, -19.9518, 264.738, -1.17067
721, -17.2564, 262.347, -1.56525
721, -14.436, 259.595, -1.56379
721, -11.2626, 258.577, -1.08591
721, -8.1412, 255.811, -0.536314
721, -4.76566, 253.182, 0.752739
721, -1.79168, 250.851, 1.92472
721, 0.727294, 248.916, 2.74355
721, 3.21498, 246.564, 3.05142
721, 5.73984, 244.275, 3.45038
721, 7.97675, 241.77, 3.97784
721, 9.75096, 240.228, 3.87504
721, 11.3549, 237.907, 4.12152
721, 13.2851, 236.04, 5.21218
721, 14.1687, 233.507, 5.38669
721, 15.0131, 231.781, 6.17489
721, 15.2128, 229.687, 6.29611
721, 15.4733, 227.498, 6.74708
721, 15.4678, 224.84, 7.14312
721, 14.9539, 221.878, 7.58743
721, 14.1755, 218.418, 8.35555
721, 12.9801, 214.547, 9.29993
721, 11.7251, 210.304, 10.2867
721, 10.4528, 206.354, 11.3795
721, 8.8545, 202.091, 12.5478
721, 6.80284, 198.182, 13.5201
721, 4.74941, 195.137, 14.5097
721, 2.52767, 193.089, 15.3158
721, 0.473374, 191.462, 16.1525
721, -1.70222, 190.571, 16.8674
721, -4.23355, 190.369, 17.4907
721, -7.09432, 190.611, 18.1184
721, -10.1653, 191.354, 18.6713
721, -13.1859, 192.792, 19.2134
721, -16.3717, 194.697, 19.676
721, -18.8864, 196.058, 19.846
721, -21.0674, 197.704, 19.7757
721, -22.888, 199.771, 19.7159
721, -24.3358, 202.428, 19.2988
721, -25.5891, 205.673, 18.4598
721, -26.5316, 208.593, 17.5905
721, -27.26, 211.909, 16.2909
721, -27.7173, 215.217, 15.0667
721, -28.3267, 219.614, 13.936
721, -28.7065, 222.914, 13.1326
721, -28.7569, 226.292, 11.4825
721, -28.2818, 228.81, 10.2771
721, -27.2813, 231.258, 9.55779
721, -26.3755, 233.524, 9.20901
721, -25.1356, 235.965, 8.24352
721, -23.8434, 238.489, 7.24835
721, -22.3221, 240.523, 6.09261
721, -20.3199, 242.462, 4.91191
721, -18.0304, 244.994, 3.54812
721, -15.5875, 247.023, 2.07526
721, -13.274, 248.929, 0.585701
721, -10.9714, 251.268, -0.767049
721, -8.9526, 253.308, -1.76974
721, -6.58336, 255.314, -3.63449
721, -4.51974, 257.483, -5.35995
721, -2.59308, 259.39, -6.99114
721, -1.15419, 261.169, -7.98353
721, 0.0525373, 263.59, -8.70295
721, 0.722259, 265.131, -9.09993
721, 1.5048, 267.197, -9.51652
721, 2.30094, 269.471, -10.1554
721, 2.88216, 271.868, -10.8839
721, 3.17267, 274.237, -11.4658
721, 3.36708, 277.446, -11.8152
721, 3.24993, 281.387, -12.0047
721, 2.70812, 284.166, -11.9715
721, 1.84407, 287.089, -12.0581
721, 0.795031, 290.081, -12.1841
721, 0.0794136, 292.083, -12.206
721, -1.17139, 293.589, -12.2533
721, -2.60018, 294.984, -12.1455
721, -4.02354, 296.46, -11.9118
721, -5.74663, 297.747, -11.2981
721, -6.97311, 298.839, -10.6418
721, -8.11449, 299.943, -9.94061
721, -9.26469, 301.063, -9.63328
721, -10.08, 301.696, -9.36497
721, -11.1314, 302.551, -9.46163
721, -11.9941, 303.633, -9.70274
721, -12.6188, 304.479, -10.1941
721, -13.0184, 305.045, -10.457
721, -13.2747, 305.513, -10.6052
721, -13.4328, 305.9, -10.7017
721, -15.7088, 306.779, -15.0485
721, -15.7342, 307.637, -16.9186
721, -15.4224, 308.274, -17.192
721, -15.2242, 308.613, -17.2846
721, -15.1192, 308.787, -17.3117
721, -15.0682, 308.921, -17.3305
721, -15.035, 309.072, -17.3411
721, -15.0158, 309.169, -17.3516
721, -14.9911, 309.24, -17.356
721, -14.9441, 309.313, -17.3292
721, -14.898, 309.378, -17.2601
721, -14.725, 309.33, -17.1248
