711, 23.7992, 289.691, 81.8469
711, 23.767, 289.59, 81.8378
711, 23.7541, 289.49, 81.8566
711, 23.7539, 289.448, 81.8517
711, 23.7298, 289.405, 81.7828
711, 23.6976, 289.299, 81.6887
711, 23.6976, 289.152, 81.5675
711, 23.7547, 289.023, 81.4565
711, 23.8251, 288.809, 81.3003
711, 23.933, 288.532, 81.1174
711, 24.035, 288.253, 80.934
711, 24.1608, 287.884, 80.7036
711, 24.2587, 287.37, 80.5091
711, 24.5126, 286.813, 80.2262
711, 24.6893, 286.497, 80.0736
711, 24.7712, 286.367, 80.0029
711, 24.7929, 286.29, 79.9545
711, 24.8218, 286.192, 79.8891
711, 24.8523, 286.138, 79.8554
711, 24.8915, 286.084, 79.826
711, 24.9301, 285.955, 79.7417
711, 24.9724, 285.831, 79.6062
711, 25.0143, 285.717, 79.4605
711, 25.0823, 285.611, 79.4027
711, 25.1252, 285.546, 79.3496
711, 25.1519, 285.496, 79.2884
711, 25.158, 285.438, 79.2347
711, 25.144, 285.364, 79.2066
711, 25.1558, 285.326, 79.175
711, 25.1755, 285.321, 79.1684
711, 25.2283, 285.313, 79.1384
711, 25.262, 285.322, 79.1122
711, 25.2621, 285.353, 79.1294
711, 25.2773, 285.399, 79.1529
711, 25.253, 285.428, 79.1458
711, 25.2338, 285.446, 79.1534
711, 25.2076, 285.472, 79.0299
711, 25.1876, 285.648, 79.256
711, 25.353, 286.674, 80.1603
711, 25.414, 287.429, 80.7865
711, 25.3716, 287.971, 81.2016
711, 25.4117, 287.949, 81.1653
711, 25.3145, 288.256, 81.2112
711, 24.9818, 288.657, 81.1442
711, 24.5513, 288.895, 81.018
711, 24.1406, 289.305, 81.0462
711, 23.426, 289.954, 81.0029
711, 22.4765, 290.482, 80.2337
711, 21.7508, 291.754, 80.195
711, 20.9249, 292.885, 80.1966
711, 20.1884, 293.884, 80.0021
711, 19.3325, 294.553, 80.3937
711, 18.6859, 295.068, 80.2903
711, 17.4657, 295.814, 80.2359
711, 16.2178, 296.267, 79.9924
711, 14.7677, 296.633, 79.8729
711, 13.5142, 297.568, 79.8564
711, 12.2886, 297.98, 79.8615
711, 10.6856, 298.35, 79.8226
711, 9.26409, 298.472, 79.8349
711, 7.24983, 299.103, 79.6289
711, 5.26755, 299.565, 79.4454
711, 3.14407, 299.244, 79.1823
711, 1.11937, 298.508, 78.4674
711, -0.957888, 297.955, 78.2812
711, -2.80953, 297.947, 78.4796
711, -4.85646, 297.842, 78.835
711, -6.7713, 297.8, 79.01
711, -9.04442, 297.616, 78.7324
711, -11.4383, 297.544, 78.6701
711, -13.7815, 297.133, 78.2828
711, -15.9648, 296.481, 78.1072
711, -17.8082, 295.771, 77.9407
711, -19.3377, 294.812, 78.1234
711, -20.8768, 292.945, 77.9679
711, -22.4206, 291.975, 77.8981
711, -24.1986, 291.371, 78.0293
711, -26.357, 290.29, 77.9529
711, -28.1177, 289.323, 78.1028
711, -29.7842, 288.268, 77.7065
711, -31.3422, 287.287, 77.8693
711, -32.8559, 286.225, 78.1716
711, -34.4172, 285.753, 78.8276
711, -35.5597, 283.477, 78.647
711, -36.64, 281.221, 78.5669
711, -37.6762, 280.975, 79.1896
711, -38.4838, 279.72, 79.7316
711, -39.2278, 279.596, 80.5189
711, -39.6624, 278.955, 80.5487
711, -40.1646, 277.913, 80.5029
711, -40.636, 276.196, 80.1913
711, -40.4947, 273.957, 79.7658
711, -40.354, 270.681, 79.044
711, -40.0974, 268.747, 78.8443
711, -39.6255, 265.61, 78.7092
711, -38.8431, 262.876, 78.4024
711, -37.9619, 260.338, 78.1073
711, -36.988, 258.073, 77.9514
711, -36.5065, 255.656, 77.214
711, -35.8955, 253.512, 76.8796
711, -34.5935, 251.002, 76.6222
711, -33.4343, 248.801, 76.4884
711, -31.9462, 246.05, 76.2945
711, -29.9276, 243.541, 75.5253
711, -28.2195, 241.458, 75.0275
711, -26.2989, 238.962, 74.2403
711, -23.9442, 236.781, 73.8176
711, -21.5747, 235.174, 73.739
711, -18.7711, 233.239, 73.9209
711, -16.3635, 231.524, 73.9355
711, -13.3579, 229.774, 73.9231
711, -10.4192, 228.389, 74.0542
711, -7.14908, 227.59, 74.3427
711, -4.22291, 226.268, 74.008
711, -0.575257, 226.632, 75.4131
711, 2.62648, 226.044, 76.0922
711, 5.88929, 225.436, 76.4628
711, 9.2821, 225.066, 76.5996
711, 12.3953, 224.664, 77.0333
711, 15.3385, 224.885, 77.3524
711, 18.242, 224.962, 77.8892
711, 21.0498, 225.125, 78.1888
711, 23.9707, 225.386, 78.7144
711, 26.5026, 226.623, 79.6456
711, 28.8272, 227.566, 80.0254
711, 31.5379, 228.118, 80.0058
711, 33.592, 229.641, 80.8033
711, 35.4133, 231.077, 81.5422
711, 37.418, 233.094, 82.098
711, 39.3692, 235.135, 81.7577
711, 40.8597, 237.433, 82.394
711, 41.8559, 239.74, 83.3463
711, 42.7331, 241.933, 84.0445
711, 43.4788, 244.614, 85.0638
711, 43.4273, 247.999, 86.1553
711, 43.2037, 251.692, 87.5271
711, 42.6508, 255.329, 88.3092
711, 41.9388, 259.077, 89.5711
711, 41.1779, 261.796, 90.3764
711, 40.0956, 264.853, 91.0103
711, 38.677, 268.688, 91.5248
711, 37.3616, 271.665, 91.9418
711, 35.6137, 273.73, 92.3294
711, 34.001, 277.241, 93.1986
711, 32.0547, 280.063, 93.9874
711, 29.961, 282.368, 95.021
711, 27.9633, 285.501, 96.1952
711, 25.7208, 286.69, 96.3896
711, 23.6559, 287.79, 96.5966
711, 21.2674, 289.84, 97.2151
711, 18.523, 292.24, 97.8749
711, 15.8199, 293.884, 98.3493
711, 13.4199, 295.44, 99.1956
711, 11.0409, 296.735, 99.7392
711, 8.66096, 297.683, 99.854
711, 6.42155, 298.991, 100.438
711, 4.07863, 299.539, 100.169
711, 1.97508, 300.034, 100.149
711, 0.249905, 300.437, 100.186
711, -1.4816, 300.7, 100.423
711, -3.13216, 300.791, 100.243
711, -4.78964, 300.699, 99.7368
711, -6.16107, 301.088, 100.024
711, -7.3934, 300.734, 99.662
711, -8.56721, 300.254, 99.4162
711, -9.70947, 300.037, 99.3283
711, -10.6467, 299.362, 99.0971
711, -11.5127, 298.813, 98.8365
711, -12.3617, 298.376, 98.7037
711, -13.1704, 297.9, 98.232
711, -13.9742, 297.27, 97.6908
711, -14.4158, 296.376, 97.2836
711, -15.1249, 295.586, 96.7487
711, -15.6667, 295.033, 96.3574
711, -16.1316, 294.683, 96.0308
711, -16.6887, 294.563, 95.8189
711, -17.1199, 294.057, 95.3199
711, -17.5636, 293.609, 94.9214
711, -17.9071, 293.312, 94.8762
711, -18.3605, 292.928, 94.8455
711, -18.7017, 292.548, 94.4527
711, -19.2444, 292.29, 94.1346
711, -19.6007, 292.061, 93.8001
