711.00 -51.16 -314.79
711.00 -51.19 -314.76
711.00 -51.20 -314.75
711.00 -51.20 -314.71
711.00 -51.24 -314.58
711.00 -51.31 -314.38
711.00 -51.29 -314.15
711.00 -51.29 -313.95
711.00 -51.27 -313.85
711.00 -51.28 -313.64
711.00 -51.28 -313.38
711.00 -51.33 -313.26
711.00 -51.33 -313.21
711.00 -51.27 -313.09
711.00 -51.24 -313.07
711.00 -51.22 -313.07
711.00 -51.20 -313.06
711.00 -51.14 -313.12
711.00 -51.10 -313.24
711.00 -51.02 -313.35
711.00 -50.93 -313.37
711.00 -50.86 -313.39
711.00 -50.80 -313.36
711.00 -50.72 -313.23
711.00 -50.66 -313.13
711.00 -50.59 -312.86
711.00 -50.54 -312.72
711.00 -50.47 -312.61
711.00 -50.41 -312.53
711.00 -50.38 -312.44
711.00 -50.36 -312.28
711.00 -50.38 -312.23
711.00 -50.42 -312.18
711.00 -50.43 -312.19
711.00 -50.47 -312.23
711.00 -50.51 -312.27
711.00 -50.56 -312.32
711.00 -50.58 -312.38
711.00 -50.61 -312.55
711.00 -50.65 -312.70
711.00 -50.65 -312.90
711.00 -50.56 -313.41
711.00 -50.59 -314.45
711.00 -50.35 -315.09
711.00 -50.01 -316.58
711.00 -49.40 -318.20
711.00 -48.66 -318.95
711.00 -47.60 -319.72
711.00 -46.25 -320.76
711.00 -44.52 -321.79
711.00 -42.68 -323.29
711.00 -40.38 -324.77
711.00 -38.53 -325.68
711.00 -36.32 -326.99
711.00 -34.50 -327.28
711.00 -32.27 -327.71
711.00 -29.75 -327.82
711.00 -27.60 -328.01
711.00 -25.66 -328.15
711.00 -23.65 -328.05
711.00 -21.34 -328.68
711.00 -19.16 -329.25
711.00 -17.07 -329.46
711.00 -14.75 -329.87
711.00 -12.11 -329.83
711.00 -10.18 -329.23
711.00 -8.55 -327.48
711.00 -6.97 -326.28
711.00 -5.29 -325.18
711.00 -3.63 -324.40
711.00 -2.59 -323.69
711.00 -1.39 -322.72
711.00 -0.04 -321.82
711.00 0.88 -320.81
711.00 1.38 -319.35
711.00 1.78 -317.82
711.00 2.15 -315.92
711.00 2.74 -314.16
711.00 3.18 -312.32
711.00 3.41 -310.28
711.00 3.09 -308.00
711.00 2.82 -306.54
711.00 1.87 -304.58
711.00 0.83 -303.64
711.00 -0.83 -300.97
711.00 -2.39 -299.25
711.00 -4.11 -297.48
711.00 -5.74 -296.31
711.00 -7.02 -295.38
711.00 -8.60 -294.60
711.00 -10.49 -293.68
711.00 -12.63 -292.94
711.00 -14.18 -292.05
711.00 -16.26 -290.88
711.00 -18.05 -290.01
711.00 -19.66 -289.92
711.00 -21.00 -289.98
711.00 -22.43 -289.65
711.00 -23.89 -289.75
711.00 -24.88 -289.17
711.00 -25.92 -288.62
711.00 -26.54 -288.51
711.00 -26.97 -288.66
711.00 -27.36 -288.58
711.00 -27.51 -288.52
711.00 -27.36 -288.43
711.00 -27.16 -288.41
711.00 -26.86 -288.44
711.00 -25.99 -288.62
711.00 -24.46 -288.68
711.00 -22.67 -288.65
711.00 -20.88 -288.77
711.00 -18.77 -289.10
711.00 -16.02 -289.34
711.00 -13.59 -289.13
711.00 -11.06 -288.36
711.00 -8.76 -287.50
711.00 -7.03 -286.64
711.00 -5.31 -285.78
711.00 -3.32 -284.45
711.00 -1.35 -283.59
711.00 0.56 -283.02
711.00 2.34 -281.57
711.00 4.00 -280.77
711.00 5.24 -279.95
711.00 6.49 -278.77
711.00 7.57 -277.73
711.00 8.52 -276.43
711.00 9.16 -275.66
711.00 9.68 -274.96
711.00 9.96 -274.26
711.00 10.03 -273.21
711.00 10.19 -272.04
711.00 9.97 -270.66
711.00 9.75 -269.38
711.00 9.11 -267.85
711.00 8.57 -266.73
711.00 7.84 -265.40
711.00 6.75 -263.94
711.00 5.27 -262.47
711.00 3.78 -261.49
711.00 2.09 -260.13
711.00 0.61 -259.60
711.00 -1.07 -258.36
711.00 -2.93 -257.21
711.00 -4.95 -256.53
711.00 -7.07 -256.21
711.00 -9.12 -255.90
711.00 -11.24 -255.54
711.00 -13.05 -255.47
711.00 -14.92 -255.71
711.00 -16.81 -255.56
711.00 -18.64 -255.32
711.00 -20.15 -256.04
711.00 -21.87 -256.75
711.00 -23.36 -257.14
711.00 -24.65 -257.40
711.00 -25.81 -257.80
711.00 -27.14 -258.65
711.00 -28.60 -259.20
711.00 -30.08 -259.42
711.00 -31.44 -259.60
711.00 -32.46 -259.60
711.00 -33.27 -259.78
711.00 -34.04 -259.80
711.00 -34.55 -259.94
711.00 -35.01 -260.16
711.00 -35.37 -260.39
711.00 -35.63 -260.61
711.00 -35.88 -260.83
711.00 -36.18 -261.09
711.00 -36.37 -261.24
711.00 -36.56 -261.43
711.00 -36.68 -261.53
711.00 -36.80 -261.57
711.00 -36.96 -261.56
711.00 -37.23 -261.42
711.00 -37.56 -261.27
711.00 -37.80 -261.17
