301.00 4.98 276.82
301.00 5.01 276.84
301.00 5.00 276.92
301.00 5.00 277.03
301.00 4.78 277.07
301.00 4.41 276.50
301.00 4.00 275.94
301.00 3.55 275.18
301.00 3.32 274.78
301.00 3.26 274.69
301.00 3.26 274.81
301.00 3.24 274.75
301.00 3.13 274.40
301.00 3.01 274.09
301.00 3.14 274.31
301.00 3.28 274.58
301.00 3.31 274.78
301.00 3.26 274.83
301.00 3.23 274.93
301.00 3.22 275.05
301.00 3.22 275.22
301.00 3.26 275.46
301.00 3.32 275.72
301.00 3.33 275.88
301.00 3.32 276.00
301.00 3.31 276.09
301.00 3.37 276.21
301.00 3.34 276.33
301.00 3.39 276.51
301.00 3.37 276.87
301.00 3.41 277.13
301.00 3.40 276.84
301.00 3.28 276.40
301.00 3.07 275.89
301.00 2.90 275.55
301.00 2.78 275.30
301.00 2.58 275.07
301.00 2.42 274.84
301.00 2.37 274.98
301.00 2.40 275.21
301.00 2.42 275.37
301.00 2.39 275.21
301.00 2.33 275.16
301.00 2.32 274.98
301.00 2.61 275.21
301.00 3.00 275.49
301.00 3.57 275.77
301.00 4.41 276.01
301.00 5.68 276.50
301.00 6.89 276.81
301.00 8.48 277.24
301.00 10.06 277.94
301.00 11.73 279.31
301.00 13.44 280.57
301.00 15.14 281.71
301.00 16.94 283.06
301.00 18.73 283.87
301.00 20.12 284.29
301.00 21.42 284.49
301.00 22.75 284.80
301.00 23.79 285.01
301.00 25.09 285.55
301.00 26.29 285.06
301.00 27.37 284.20
301.00 28.46 283.77
301.00 29.02 283.07
301.00 29.38 282.02
301.00 29.69 279.99
301.00 29.75 277.45
301.00 30.04 274.98
301.00 30.19 273.51
301.00 29.91 271.90
301.00 29.46 269.80
301.00 28.92 268.15
301.00 28.25 266.74
301.00 27.33 265.53
301.00 26.42 264.45
301.00 25.47 263.76
301.00 24.62 263.08
301.00 23.79 262.31
301.00 23.05 261.73
301.00 22.24 261.31
301.00 21.60 261.06
301.00 21.04 260.68
301.00 20.59 260.44
301.00 20.42 261.06
301.00 20.41 261.61
301.00 20.44 262.11
301.00 20.57 262.75
301.00 20.84 263.95
301.00 21.15 265.00
301.00 21.59 265.86
301.00 22.17 266.59
301.00 23.01 267.00
301.00 23.90 267.26
301.00 25.21 267.33
301.00 26.63 267.99
301.00 27.81 268.45
301.00 29.05 268.87
301.00 30.16 268.44
301.00 31.46 267.63
301.00 32.46 266.90
301.00 33.20 266.36
301.00 33.97 265.48
301.00 34.43 264.70
301.00 34.72 263.87
301.00 35.12 263.20
301.00 35.23 261.43
301.00 35.12 259.16
301.00 34.44 256.28
301.00 33.31 253.43
301.00 31.34 249.94
301.00 29.61 247.59
301.00 27.77 245.44
301.00 26.09 243.54
301.00 24.52 242.19
301.00 22.70 240.93
301.00 21.02 240.21
301.00 19.05 239.28
301.00 17.22 238.73
301.00 15.69 238.48
301.00 14.40 238.55
301.00 12.97 238.29
301.00 11.70 238.32
301.00 10.46 238.60
301.00 9.08 239.79
301.00 7.47 241.14
301.00 5.86 243.06
301.00 4.66 244.56
301.00 3.48 246.13
301.00 2.77 247.25
301.00 2.19 248.54
301.00 1.72 249.50
301.00 1.30 250.21
301.00 1.01 250.83
301.00 0.82 251.29
301.00 0.59 251.63
301.00 0.29 252.08
301.00 -0.05 252.40
301.00 -0.35 252.55
301.00 -0.59 252.57
301.00 -0.73 252.68
301.00 -0.88 252.72
301.00 -1.00 252.76
301.00 -1.09 252.76
301.00 -1.14 252.80
301.00 -1.20 252.84
301.00 -1.21 252.84
301.00 -1.23 252.77
301.00 -1.25 252.64
301.00 -1.29 252.46
301.00 -1.37 252.23
301.00 -1.39 252.10
301.00 -1.43 251.89
301.00 -1.51 251.57
301.00 -1.66 251.12
301.00 -1.75 250.74
301.00 -1.82 250.50
301.00 -1.87 250.33
301.00 -1.94 250.13
