1071.00 12.02 253.56
1071.00 11.93 253.40
1071.00 11.86 253.26
1071.00 11.74 252.99
1071.00 11.60 252.79
1071.00 11.48 252.61
1071.00 11.38 252.47
1071.00 11.31 252.43
1071.00 11.26 252.36
1071.00 11.19 252.28
1071.00 11.11 252.15
1071.00 11.06 252.06
1071.00 11.04 252.00
1071.00 11.00 251.91
1071.00 10.96 251.82
1071.00 10.95 251.75
1071.00 10.93 251.68
1071.00 10.86 251.60
1071.00 10.83 251.64
1071.00 10.81 251.65
1071.00 10.82 251.67
1071.00 10.85 251.82
1071.00 10.85 251.95
1071.00 10.84 251.88
1071.00 10.80 251.86
1071.00 10.74 251.94
1071.00 10.70 252.03
1071.00 10.68 252.22
1071.00 10.73 252.39
1071.00 10.71 252.57
1071.00 10.57 252.94
1071.00 10.28 253.41
1071.00 9.82 253.74
1071.00 9.10 253.97
1071.00 8.28 254.31
1071.00 7.47 254.72
1071.00 6.90 255.29
1071.00 6.26 256.30
1071.00 5.77 257.60
1071.00 5.40 260.11
1071.00 5.81 262.40
1071.00 6.98 265.47
1071.00 9.02 269.06
1071.00 12.56 272.91
1071.00 16.53 275.04
1071.00 22.76 276.68
1071.00 30.03 278.06
1071.00 38.75 279.56
1071.00 47.05 279.33
1071.00 55.31 278.06
1071.00 62.48 276.04
1071.00 68.55 272.79
1071.00 73.73 268.70
1071.00 77.85 264.89
1071.00 80.87 261.32
1071.00 82.83 257.42
1071.00 83.20 252.53
1071.00 82.33 248.37
1071.00 80.02 244.05
1071.00 76.32 239.20
1071.00 70.41 235.18
1071.00 62.65 232.00
1071.00 54.04 228.96
1071.00 45.00 229.02
1071.00 35.97 228.72
1071.00 28.07 228.07
1071.00 21.65 227.67
1071.00 17.91 227.60
1071.00 16.71 227.56
1071.00 16.65 227.33
1071.00 17.93 227.07
1071.00 20.46 226.59
1071.00 24.53 226.97
1071.00 30.88 228.45
1071.00 40.65 228.83
1071.00 49.76 227.64
1071.00 59.43 224.41
1071.00 67.99 219.09
1071.00 76.72 217.04
1071.00 83.83 214.09
1071.00 90.06 210.48
1071.00 94.06 204.96
1071.00 97.61 199.41
1071.00 99.46 193.62
1071.00 100.27 188.12
1071.00 100.34 181.90
1071.00 98.98 175.57
1071.00 95.34 168.68
1071.00 90.05 161.27
1071.00 83.25 154.45
1071.00 75.13 147.06
1071.00 66.86 141.14
1071.00 57.37 136.94
1071.00 47.93 134.77
1071.00 38.46 133.38
1071.00 30.91 132.84
1071.00 24.82 133.94
1071.00 20.44 134.96
1071.00 18.18 135.44
1071.00 16.04 135.73
1071.00 14.43 136.69
1071.00 13.04 137.71
1071.00 12.13 139.20
1071.00 11.47 140.60
1071.00 10.99 141.85
1071.00 10.74 143.48
1071.00 10.63 145.03
1071.00 10.72 146.53
1071.00 10.90 148.16
1071.00 10.95 149.43
1071.00 11.10 150.63
1071.00 10.97 151.71
1071.00 11.26 152.85
1071.00 11.84 153.78
1071.00 12.19 154.96
1071.00 13.03 156.20
1071.00 13.36 156.98
1071.00 13.82 157.78
1071.00 14.28 158.58
1071.00 14.80 159.48
1071.00 15.22 160.27
1071.00 15.57 160.91
1071.00 15.99 161.48
1071.00 16.79 162.22
1071.00 17.43 162.79
1071.00 17.87 163.18
1071.00 18.04 163.34
1071.00 18.16 163.50
1071.00 18.30 163.62
1071.00 18.42 163.69
1071.00 18.71 163.72
1071.00 19.35 163.74
1071.00 19.91 164.41
1071.00 20.27 165.03
1071.00 20.42 165.35
1071.00 20.47 165.42
