1771.00 -60.06 252.71
1771.00 -60.06 252.67
1771.00 -60.05 252.63
1771.00 -60.05 252.60
1771.00 -60.08 252.54
1771.00 -60.09 252.50
1771.00 -60.12 252.45
1771.00 -60.13 252.40
1771.00 -60.13 252.35
1771.00 -60.12 252.30
1771.00 -60.11 252.25
1771.00 -60.11 252.19
1771.00 -60.10 252.13
1771.00 -60.10 252.03
1771.00 -60.09 251.94
1771.00 -60.08 251.87
1771.00 -60.08 251.81
1771.00 -60.08 251.77
1771.00 -60.08 251.72
1771.00 -60.08 251.66
1771.00 -60.07 251.58
1771.00 -60.08 251.49
1771.00 -60.09 251.37
1771.00 -60.11 251.29
1771.00 -60.15 251.21
1771.00 -60.17 251.15
1771.00 -60.20 251.09
1771.00 -60.24 251.04
1771.00 -60.29 251.01
1771.00 -60.33 250.95
1771.00 -60.38 250.90
1771.00 -60.41 250.85
1771.00 -60.43 250.82
1771.00 -60.48 250.82
1771.00 -60.50 250.83
1771.00 -60.50 250.93
1771.00 -60.52 251.04
1771.00 -60.44 251.17
1771.00 -60.26 251.48
1771.00 -60.03 251.92
1771.00 -59.67 252.27
1771.00 -59.26 253.44
1771.00 -58.79 254.00
1771.00 -58.15 254.53
1771.00 -57.42 255.37
1771.00 -56.62 255.93
1771.00 -55.59 256.96
1771.00 -54.64 257.68
1771.00 -53.61 258.44
1771.00 -52.56 259.60
1771.00 -51.20 260.08
1771.00 -49.61 260.30
1771.00 -47.89 260.89
1771.00 -46.18 261.54
1771.00 -44.51 262.61
1771.00 -42.84 263.43
1771.00 -41.00 264.09
1771.00 -39.04 264.60
1771.00 -36.98 264.82
1771.00 -35.27 266.02
1771.00 -33.00 266.38
1771.00 -30.65 266.60
1771.00 -28.24 266.82
1771.00 -26.06 266.59
1771.00 -23.66 266.29
1771.00 -21.15 265.88
1771.00 -18.88 265.43
1771.00 -16.55 264.83
1771.00 -14.16 264.22
1771.00 -11.84 263.83
1771.00 -9.54 263.46
1771.00 -7.54 263.08
1771.00 -5.63 262.03
1771.00 -3.68 260.52
1771.00 -1.89 258.94
1771.00 -0.18 257.12
1771.00 1.52 255.41
1771.00 2.88 254.41
1771.00 4.27 252.90
1771.00 5.46 251.24
1771.00 6.38 251.07
1771.00 7.27 249.21
1771.00 8.30 247.17
1771.00 9.11 245.12
1771.00 9.54 243.46
1771.00 9.77 242.03
1771.00 9.69 241.84
1771.00 9.97 239.15
1771.00 9.70 237.12
1771.00 9.40 234.63
1771.00 8.86 233.30
1771.00 8.29 230.68
1771.00 7.77 228.18
1771.00 6.80 226.48
1771.00 5.90 224.11
1771.00 4.79 222.23
1771.00 3.53 219.98
1771.00 2.23 217.77
1771.00 0.56 215.79
1771.00 -1.03 214.14
1771.00 -2.71 212.87
1771.00 -4.48 211.71
1771.00 -6.35 210.08
1771.00 -8.32 208.50
1771.00 -10.08 207.27
1771.00 -11.90 205.84
1771.00 -13.50 204.60
1771.00 -15.29 203.52
1771.00 -17.15 202.53
1771.00 -18.94 201.63
1771.00 -20.81 200.19
1771.00 -21.41 199.58
1771.00 -22.60 198.32
1771.00 -23.87 197.19
1771.00 -25.17 196.33
1771.00 -26.24 195.83
1771.00 -27.65 195.85
1771.00 -28.65 195.95
1771.00 -29.32 196.04
1771.00 -29.80 196.23
1771.00 -30.13 196.59
1771.00 -30.38 197.09
1771.00 -30.48 197.84
1771.00 -30.51 198.67
1771.00 -30.25 199.48
1771.00 -29.76 200.48
1771.00 -29.00 201.34
1771.00 -28.07 202.23
1771.00 -27.03 202.96
1771.00 -25.71 203.57
1771.00 -24.50 204.11
1771.00 -23.03 204.63
1771.00 -21.42 205.05
1771.00 -19.66 205.32
1771.00 -17.82 205.44
1771.00 -15.77 205.64
1771.00 -13.76 205.77
1771.00 -11.81 205.80
1771.00 -9.78 205.49
1771.00 -7.70 204.99
1771.00 -5.71 204.38
1771.00 -3.77 203.90
1771.00 -1.89 203.34
1771.00 0.15 202.77
1771.00 2.15 202.00
1771.00 3.97 201.95
1771.00 5.94 200.69
1771.00 7.93 200.00
1771.00 10.15 198.77
1771.00 12.04 198.59
1771.00 14.26 197.00
1771.00 16.12 195.55
1771.00 17.87 194.10
1771.00 19.37 192.65
1771.00 20.61 191.33
1771.00 21.79 189.88
1771.00 22.86 188.37
1771.00 24.00 186.99
1771.00 24.97 185.37
1771.00 25.63 184.07
1771.00 26.15 182.71
1771.00 26.85 181.25
1771.00 27.38 179.41
1771.00 27.60 178.15
1771.00 27.90 176.64
1771.00 28.11 175.28
1771.00 28.07 173.90
1771.00 28.07 171.78
1771.00 27.56 169.93
1771.00 27.13 167.89
1771.00 26.36 165.87
1771.00 25.46 163.63
1771.00 24.23 161.17
1771.00 22.77 158.76
1771.00 21.32 156.71
1771.00 19.93 154.84
1771.00 18.55 152.74
1771.00 16.64 150.81
1771.00 14.23 149.52
1771.00 12.39 147.97
1771.00 10.29 146.67
1771.00 8.35 145.19
1771.00 6.63 144.03
1771.00 4.11 143.03
1771.00 1.51 142.25
1771.00 -1.12 141.55
1771.00 -3.63 140.16
1771.00 -6.42 140.32
1771.00 -9.02 140.52
1771.00 -11.42 140.48
1771.00 -13.74 140.35
1771.00 -16.84 140.55
1771.00 -19.97 140.88
1771.00 -23.05 141.17
1771.00 -25.93 141.43
1771.00 -29.18 142.16
1771.00 -32.44 143.19
1771.00 -35.57 144.10
1771.00 -38.15 144.63
1771.00 -41.01 144.80
1771.00 -43.55 145.94
1771.00 -46.40 147.99
1771.00 -49.01 148.96
1771.00 -51.51 150.22
1771.00 -54.26 151.78
1771.00 -56.79 153.18
1771.00 -58.88 154.28
