711.00 0.40 292.87
711.00 0.30 292.68
711.00 0.19 292.50
711.00 0.07 292.37
711.00 0.02 292.37
711.00 -0.05 292.34
711.00 -0.08 292.37
711.00 -0.11 292.41
711.00 -0.16 292.42
711.00 -0.19 292.45
711.00 -0.22 292.48
711.00 -0.23 292.55
711.00 -0.25 292.57
711.00 -0.27 292.63
711.00 -0.30 292.67
711.00 -0.33 292.74
711.00 -0.35 292.80
711.00 -0.38 292.83
711.00 -0.41 292.79
711.00 -0.43 292.78
711.00 -0.47 292.71
711.00 -0.59 292.59
711.00 -0.68 292.42
711.00 -0.77 292.28
711.00 -0.82 292.16
711.00 -0.84 292.12
711.00 -0.84 292.11
711.00 -0.82 292.12
711.00 -0.82 292.12
711.00 -0.84 292.09
711.00 -0.87 291.98
711.00 -0.88 291.92
711.00 -0.89 291.88
711.00 -0.86 291.99
711.00 -0.89 292.03
711.00 -0.97 291.93
711.00 -1.02 291.72
711.00 -1.07 291.53
711.00 -1.08 291.46
711.00 -1.10 291.38
711.00 -1.17 291.21
711.00 -1.23 291.03
711.00 -1.15 290.91
711.00 -1.04 290.79
711.00 -0.97 290.59
711.00 -0.71 290.43
711.00 -0.32 290.58
711.00 -0.17 290.31
711.00 -0.08 290.22
711.00 -0.35 290.16
711.00 -1.00 290.07
711.00 -1.66 290.10
711.00 -2.57 290.16
711.00 -3.44 290.29
711.00 -4.81 290.30
711.00 -6.11 290.28
711.00 -7.78 290.74
711.00 -9.75 291.12
711.00 -11.56 291.60
711.00 -13.67 292.18
711.00 -15.44 292.18
711.00 -17.41 292.27
711.00 -19.28 292.45
711.00 -21.08 292.89
711.00 -23.31 293.19
711.00 -25.07 293.43
711.00 -26.89 293.59
711.00 -28.53 293.69
711.00 -30.41 294.05
711.00 -32.22 293.72
711.00 -33.76 293.85
711.00 -35.25 294.06
711.00 -36.96 294.09
711.00 -38.24 294.19
711.00 -39.59 294.21
711.00 -40.71 294.02
711.00 -41.83 294.33
711.00 -42.81 294.56
711.00 -43.61 294.88
711.00 -44.54 295.42
711.00 -45.29 295.86
711.00 -45.94 296.71
711.00 -46.47 297.17
711.00 -46.73 297.76
711.00 -47.07 298.23
711.00 -47.41 298.58
711.00 -47.60 298.64
711.00 -48.02 297.88
711.00 -48.21 297.12
711.00 -48.47 296.40
711.00 -48.56 295.98
711.00 -48.28 295.11
711.00 -47.62 293.61
711.00 -47.31 291.88
711.00 -46.69 288.96
711.00 -45.92 287.14
711.00 -45.00 285.46
711.00 -44.58 282.66
711.00 -44.91 279.95
711.00 -44.61 277.86
711.00 -43.78 275.84
711.00 -42.57 273.88
711.00 -41.40 271.58
711.00 -40.70 269.80
711.00 -40.23 268.15
711.00 -39.78 266.25
711.00 -38.81 265.00
711.00 -38.24 263.92
711.00 -37.73 263.01
711.00 -37.11 262.10
711.00 -36.59 261.41
711.00 -35.94 260.99
711.00 -35.52 260.42
711.00 -34.99 260.17
711.00 -34.44 260.17
711.00 -33.51 260.02
711.00 -32.49 260.07
711.00 -31.36 260.32
711.00 -29.92 260.90
711.00 -28.55 261.69
711.00 -26.78 262.89
711.00 -24.85 264.16
711.00 -22.57 264.77
711.00 -20.17 267.00
711.00 -17.76 268.16
711.00 -15.23 268.77
711.00 -12.61 269.58
711.00 -10.02 270.10
711.00 -7.86 270.31
711.00 -4.87 270.95
711.00 -2.43 270.54
711.00 -0.16 269.52
711.00 1.75 268.55
711.00 3.41 267.49
711.00 4.64 266.61
711.00 6.04 265.39
711.00 7.32 263.88
711.00 8.67 262.56
711.00 9.73 261.14
711.00 10.72 259.62
711.00 11.60 258.26
711.00 12.33 256.65
711.00 12.81 254.59
711.00 13.37 252.53
711.00 13.80 250.20
711.00 14.11 247.67
711.00 14.39 246.34
711.00 14.51 245.17
711.00 14.56 243.33
711.00 14.25 240.97
711.00 13.94 239.11
711.00 13.51 237.34
711.00 12.91 235.86
711.00 11.90 234.77
711.00 10.64 233.58
711.00 8.82 231.95
711.00 7.04 230.61
711.00 5.32 229.90
711.00 3.32 229.02
711.00 1.43 228.29
711.00 -0.76 227.44
711.00 -3.24 226.96
711.00 -5.60 226.40
711.00 -7.86 225.46
711.00 -10.54 224.24
711.00 -12.69 223.35
711.00 -14.92 223.66
711.00 -17.03 224.00
711.00 -18.99 224.45
711.00 -21.19 223.97
711.00 -23.35 223.52
711.00 -25.24 222.72
711.00 -26.73 222.44
711.00 -27.97 222.86
711.00 -29.01 224.08
711.00 -29.48 225.31
711.00 -29.94 227.05
711.00 -30.53 228.46
711.00 -31.11 229.56
711.00 -31.71 230.58
711.00 -32.36 230.94
711.00 -33.08 231.31
711.00 -33.48 231.74
711.00 -33.73 232.15
711.00 -33.94 232.50
711.00 -33.81 233.06
711.00 -33.57 233.59
711.00 -33.48 233.93
711.00 -33.43 234.09
711.00 -33.41 234.21
711.00 -33.52 234.11
711.00 -33.55 234.03
711.00 -33.63 233.80
711.00 -33.58 233.67
711.00 -33.53 233.50
711.00 -33.32 233.33
711.00 -33.25 233.17
711.00 -33.19 233.05
711.00 -32.97 233.07
711.00 -32.82 232.97
711.00 -32.82 232.83
711.00 -32.85 232.91
711.00 -32.92 233.11
