301.00 26.51 281.66
301.00 26.54 281.68
301.00 26.63 281.72
301.00 26.72 281.75
301.00 26.74 281.67
301.00 26.76 281.65
301.00 26.73 281.56
301.00 26.75 281.48
301.00 26.81 281.53
301.00 26.84 281.56
301.00 26.88 281.61
301.00 26.92 281.65
301.00 26.95 281.60
301.00 26.98 281.48
301.00 27.00 281.35
301.00 27.05 281.20
301.00 27.16 281.16
301.00 27.26 281.11
301.00 27.42 281.13
301.00 27.59 281.26
301.00 27.77 281.44
301.00 27.87 281.66
301.00 28.03 281.87
301.00 28.18 281.92
301.00 28.27 281.91
301.00 28.39 281.98
301.00 28.48 281.98
301.00 28.63 281.83
301.00 28.71 281.71
301.00 28.83 281.59
301.00 28.95 281.38
301.00 29.06 281.19
301.00 29.21 281.08
301.00 29.35 280.96
301.00 29.54 280.80
301.00 29.81 280.90
301.00 30.09 281.03
301.00 30.31 281.03
301.00 30.40 280.90
301.00 30.47 280.82
301.00 30.60 280.86
301.00 30.72 280.94
301.00 30.83 281.07
301.00 31.00 281.27
301.00 31.14 281.44
301.00 31.26 281.63
301.00 31.33 281.74
301.00 31.43 281.94
301.00 31.47 282.12
301.00 31.53 282.41
301.00 31.48 282.46
301.00 31.29 282.53
301.00 30.84 282.53
301.00 30.40 282.52
301.00 29.51 282.67
301.00 28.58 282.76
301.00 27.54 282.82
301.00 26.50 283.25
301.00 25.27 283.65
301.00 24.02 284.07
301.00 22.52 284.29
301.00 20.80 284.91
301.00 19.03 285.57
301.00 17.10 285.93
301.00 15.38 286.23
301.00 13.73 286.57
301.00 12.31 287.15
301.00 10.99 287.66
301.00 9.67 287.93
301.00 8.47 288.02
301.00 7.47 288.04
301.00 6.29 287.80
301.00 5.43 287.45
301.00 4.90 287.33
301.00 4.46 287.34
301.00 4.08 287.31
301.00 3.74 287.24
301.00 3.49 287.21
301.00 3.30 287.14
301.00 3.13 287.12
301.00 2.99 287.02
301.00 2.83 286.85
301.00 2.73 286.68
301.00 2.61 286.45
301.00 2.51 286.28
301.00 2.58 286.09
301.00 2.63 285.77
301.00 2.66 285.59
301.00 2.65 285.23
301.00 2.63 284.86
301.00 2.70 284.35
301.00 2.72 284.00
301.00 2.96 283.28
301.00 2.90 282.31
301.00 2.86 281.17
301.00 2.79 280.40
301.00 2.53 279.19
301.00 2.14 277.79
301.00 1.69 275.67
301.00 1.38 273.83
301.00 0.91 272.04
301.00 0.59 270.38
301.00 0.33 269.11
301.00 0.18 268.18
301.00 -0.22 266.97
301.00 -0.67 266.04
301.00 -0.94 265.25
301.00 -1.21 264.09
301.00 -1.38 262.90
301.00 -1.50 261.80
301.00 -1.61 261.08
301.00 -1.75 260.35
301.00 -1.86 259.87
301.00 -1.95 259.55
301.00 -2.02 259.22
301.00 -2.08 259.06
301.00 -2.13 258.97
301.00 -2.14 258.98
301.00 -2.13 259.09
301.00 -2.11 259.14
301.00 -2.02 259.27
301.00 -1.86 259.48
301.00 -1.63 259.62
301.00 -1.26 259.87
301.00 -0.72 260.09
301.00 0.01 260.47
301.00 0.98 260.64
301.00 2.05 261.05
301.00 3.30 261.45
301.00 4.67 261.71
301.00 5.91 261.86
301.00 7.29 261.96
301.00 8.73 261.97
301.00 10.14 261.92
301.00 11.47 261.88
301.00 12.86 262.06
301.00 14.17 262.25
301.00 15.63 262.47
301.00 16.87 262.22
301.00 17.79 261.97
301.00 18.77 261.47
301.00 19.98 260.29
301.00 21.11 258.42
301.00 21.90 257.22
301.00 22.63 256.34
301.00 23.23 255.44
301.00 23.84 254.12
301.00 24.03 252.58
301.00 23.84 251.41
301.00 23.27 250.07
301.00 22.55 248.50
301.00 21.50 247.04
301.00 20.40 246.14
301.00 18.84 245.63
301.00 17.25 244.94
301.00 15.44 243.87
301.00 13.41 242.62
301.00 11.61 241.64
301.00 10.03 240.94
301.00 8.29 240.49
301.00 6.39 240.00
301.00 4.66 240.13
301.00 3.20 240.52
301.00 1.68 241.12
301.00 0.56 242.92
301.00 -0.35 244.39
301.00 -1.11 245.23
301.00 -1.62 245.59
301.00 -2.14 245.91
301.00 -2.50 246.09
301.00 -2.71 246.26
301.00 -2.86 246.50
301.00 -2.99 246.72
301.00 -3.26 247.03
301.00 -3.54 247.40
301.00 -3.72 247.71
301.00 -3.86 248.06
301.00 -3.95 248.35
301.00 -4.00 248.67
301.00 -4.07 248.99
301.00 -4.14 249.25
301.00 -4.20 249.42
301.00 -4.26 249.43
301.00 -4.32 249.42
301.00 -4.40 249.42
301.00 -4.48 249.44
301.00 -4.56 249.37
301.00 -4.65 249.24
301.00 -4.71 249.16
301.00 -4.75 249.11
301.00 -4.77 249.08
301.00 -4.80 249.02
301.00 -4.83 248.93
301.00 -4.85 248.97
301.00 -4.87 248.99
301.00 -4.90 248.96
301.00 -4.92 248.95
