441.00 19.08 249.95
441.00 18.99 249.88
441.00 18.87 249.76
441.00 18.74 249.67
441.00 18.68 249.64
441.00 18.64 249.66
441.00 18.63 249.73
441.00 18.60 249.74
441.00 18.57 249.74
441.00 18.53 249.78
441.00 18.47 249.82
441.00 18.41 249.85
441.00 18.36 249.91
441.00 18.31 250.37
441.00 18.18 250.55
441.00 17.93 250.47
441.00 17.63 250.33
441.00 17.32 250.03
441.00 17.03 249.89
441.00 16.84 249.85
441.00 16.39 249.95
441.00 15.88 250.17
441.00 15.27 250.36
441.00 14.32 251.05
441.00 13.35 252.23
441.00 11.91 253.41
441.00 10.30 253.44
441.00 8.51 252.84
441.00 6.74 252.64
441.00 5.00 252.71
441.00 3.19 252.61
441.00 1.06 252.78
441.00 -0.63 253.17
441.00 -2.55 253.46
441.00 -4.26 254.13
441.00 -5.53 254.58
441.00 -7.58 255.25
441.00 -9.17 255.88
441.00 -10.65 256.24
441.00 -11.72 256.75
441.00 -12.50 257.09
441.00 -13.10 257.31
441.00 -13.54 257.50
441.00 -13.86 257.66
441.00 -14.11 257.75
441.00 -14.32 257.79
441.00 -14.51 257.73
441.00 -14.65 257.55
441.00 -14.73 257.11
441.00 -14.78 256.42
441.00 -14.80 255.75
441.00 -14.71 254.82
441.00 -14.36 253.59
441.00 -13.91 252.24
441.00 -13.35 250.74
441.00 -13.01 249.11
441.00 -12.55 247.42
441.00 -12.13 245.65
441.00 -11.72 243.76
441.00 -11.29 241.82
441.00 -10.92 239.98
441.00 -10.58 238.51
441.00 -10.09 236.68
441.00 -9.74 235.42
441.00 -9.53 233.85
441.00 -9.25 231.86
441.00 -8.82 230.27
441.00 -8.75 228.36
441.00 -8.63 226.55
441.00 -8.38 224.89
441.00 -8.13 223.19
441.00 -7.80 221.48
441.00 -7.58 220.03
441.00 -7.26 218.73
441.00 -7.07 217.62
441.00 -6.99 216.62
441.00 -6.86 215.75
441.00 -6.63 215.08
441.00 -6.36 214.62
441.00 -6.06 214.21
441.00 -5.72 213.93
441.00 -5.37 213.44
441.00 -4.94 213.15
441.00 -4.49 212.99
441.00 -3.89 212.87
441.00 -3.30 212.83
441.00 -2.64 212.96
441.00 -1.85 213.45
441.00 -1.18 213.80
441.00 -0.40 214.53
441.00 0.43 215.33
441.00 1.32 216.06
441.00 2.21 216.83
441.00 3.03 217.59
441.00 3.94 218.67
441.00 5.13 219.97
441.00 6.30 220.87
441.00 7.24 221.53
441.00 8.42 222.06
441.00 9.60 222.62
441.00 10.65 222.73
441.00 11.81 222.65
441.00 12.86 222.62
441.00 13.91 222.64
441.00 15.23 223.29
441.00 16.41 223.27
441.00 17.55 223.01
441.00 18.65 222.84
441.00 19.72 222.70
441.00 20.86 222.18
441.00 22.06 221.39
441.00 23.25 220.52
441.00 24.19 219.78
441.00 25.07 219.07
441.00 27.76 217.03
441.00 28.50 215.81
441.00 29.44 213.75
441.00 30.37 212.14
441.00 30.99 210.14
441.00 31.56 208.55
441.00 32.06 207.19
441.00 32.50 205.54
441.00 32.77 204.03
441.00 33.01 202.54
441.00 33.10 201.10
441.00 33.18 199.88
441.00 33.23 198.47
441.00 33.04 196.96
441.00 32.83 195.77
441.00 32.39 194.41
441.00 31.89 193.24
441.00 31.30 192.01
441.00 30.63 190.96
441.00 29.81 189.83
441.00 28.96 188.81
441.00 27.86 187.54
441.00 26.79 186.49
441.00 25.55 185.45
441.00 24.28 184.59
441.00 23.04 183.68
441.00 21.79 183.09
441.00 20.42 182.60
441.00 19.08 182.10
441.00 17.67 181.41
441.00 16.12 180.85
441.00 14.77 180.54
441.00 13.30 180.35
441.00 12.00 180.33
441.00 10.52 180.38
441.00 9.14 180.44
441.00 7.41 180.38
441.00 5.63 180.24
441.00 3.72 179.84
441.00 2.12 179.76
441.00 0.48 179.77
441.00 -0.91 179.85
441.00 -2.20 179.96
441.00 -3.60 180.06
441.00 -4.98 180.27
441.00 -6.45 180.70
441.00 -7.79 181.20
441.00 -9.07 181.89
441.00 -10.05 182.49
441.00 -11.22 183.05
441.00 -12.07 183.57
441.00 -13.09 184.61
441.00 -13.74 185.38
441.00 -14.57 186.36
441.00 -15.21 187.22
441.00 -15.76 188.31
441.00 -16.13 190.06
441.00 -16.33 191.23
441.00 -16.51 192.01
441.00 -16.64 192.86
441.00 -16.76 193.42
441.00 -16.88 193.89
441.00 -16.99 194.34
441.00 -17.05 194.79
441.00 -17.13 195.18
