1771.00 10.38 290.20
1771.00 10.36 290.15
1771.00 10.36 290.11
1771.00 10.34 290.10
1771.00 10.32 290.09
1771.00 10.31 290.07
1771.00 10.30 290.06
1771.00 10.29 290.05
1771.00 10.28 290.04
1771.00 10.28 290.02
1771.00 10.28 290.02
1771.00 10.28 290.01
1771.00 10.27 290.02
1771.00 10.26 290.02
1771.00 10.24 290.03
1771.00 10.23 290.04
1771.00 10.21 290.06
1771.00 10.20 290.06
1771.00 10.19 290.07
1771.00 10.19 290.07
1771.00 10.18 290.09
1771.00 10.18 290.10
1771.00 10.19 290.13
1771.00 10.20 290.16
1771.00 10.20 290.20
1771.00 10.19 290.25
1771.00 10.19 290.31
1771.00 10.19 290.37
1771.00 10.19 290.43
1771.00 10.18 290.50
1771.00 10.17 290.55
1771.00 10.14 290.55
1771.00 10.11 290.53
1771.00 10.05 290.51
1771.00 9.94 290.52
1771.00 9.84 290.52
1771.00 9.68 290.54
1771.00 9.54 290.61
1771.00 9.28 290.62
1771.00 9.03 290.65
1771.00 8.58 290.78
1771.00 8.12 290.96
1771.00 7.47 290.89
1771.00 6.59 291.01
1771.00 5.82 290.81
1771.00 4.90 290.73
1771.00 3.80 290.60
1771.00 2.72 290.44
1771.00 1.46 290.09
1771.00 0.23 289.85
1771.00 -1.36 289.77
1771.00 -2.96 289.45
1771.00 -4.48 289.47
1771.00 -5.99 289.44
1771.00 -7.57 289.10
1771.00 -9.40 289.33
1771.00 -11.46 289.16
1771.00 -13.49 289.30
1771.00 -15.48 289.10
1771.00 -17.41 289.08
1771.00 -19.49 288.80
1771.00 -21.75 288.35
1771.00 -24.32 287.65
1771.00 -26.74 287.19
1771.00 -28.86 286.73
1771.00 -30.69 286.50
1771.00 -32.63 285.90
1771.00 -34.91 285.83
1771.00 -37.30 285.94
1771.00 -39.20 285.52
1771.00 -46.69 284.39
1771.00 -48.31 284.26
1771.00 -50.35 283.62
1771.00 -52.55 282.93
1771.00 -55.07 282.15
1771.00 -57.77 281.58
1771.00 -60.27 281.20
1771.00 -62.40 280.79
1771.00 -64.55 280.21
1771.00 -66.29 279.69
1771.00 -68.08 279.26
1771.00 -69.42 278.87
1771.00 -70.80 278.64
1771.00 -71.90 278.43
1771.00 -72.93 278.36
1771.00 -73.78 278.06
1771.00 -74.61 277.76
1771.00 -75.30 277.19
1771.00 -75.67 276.55
1771.00 -76.29 276.07
1771.00 -76.64 275.49
1771.00 -77.18 274.85
1771.00 -77.39 274.05
1771.00 -77.65 273.20
1771.00 -77.72 272.19
1771.00 -77.74 271.18
1771.00 -77.65 269.59
1771.00 -77.60 268.08
1771.00 -77.25 266.08
1771.00 -77.10 263.85
1771.00 -76.73 261.57
1771.00 -76.50 259.42
1771.00 -76.29 257.49
1771.00 -76.37 255.53
1771.00 -76.49 253.78
1771.00 -76.19 251.36
1771.00 -76.03 249.52
1771.00 -76.01 248.12
1771.00 -76.00 246.87
1771.00 -76.05 245.92
1771.00 -76.10 245.10
1771.00 -76.17 244.40
1771.00 -76.21 243.71
1771.00 -76.14 243.05
1771.00 -76.04 242.43
1771.00 -75.76 241.94
1771.00 -75.44 241.43
1771.00 -74.93 241.02
1771.00 -74.29 240.63
1771.00 -73.71 240.27
1771.00 -73.19 240.01
1771.00 -72.54 239.63
1771.00 -71.83 239.31
1771.00 -71.21 239.03
1771.00 -70.63 238.73
1771.00 -70.02 238.36
1771.00 -69.19 238.00
1771.00 -68.44 237.72
1771.00 -67.84 237.49
1771.00 -67.22 237.22
1771.00 -66.83 237.02
1771.00 -66.54 236.88
1771.00 -66.12 236.78
1771.00 -65.59 236.61
1771.00 -65.02 236.56
1771.00 -64.62 236.55
1771.00 -64.20 236.58
1771.00 -63.75 236.77
1771.00 -63.25 237.15
1771.00 -62.62 237.54
1771.00 -61.64 238.11
1771.00 -60.66 238.61
1771.00 -59.45 239.03
1771.00 -58.29 239.47
1771.00 -56.68 239.72
1771.00 -55.05 240.28
1771.00 -53.42 240.73
1771.00 -51.68 241.37
1771.00 -49.84 242.23
1771.00 -48.09 243.18
1771.00 -46.30 244.05
1771.00 -44.29 244.62
1771.00 -42.24 245.03
1771.00 -40.19 245.26
1771.00 -38.05 245.68
1771.00 -35.92 246.02
1771.00 -33.75 246.10
1771.00 -31.58 246.05
1771.00 -29.17 246.24
1771.00 -26.79 246.39
1771.00 -24.17 246.75
1771.00 -21.57 247.06
1771.00 -19.05 247.18
1771.00 -16.40 247.13
1771.00 -13.67 246.77
1771.00 -11.25 246.40
1771.00 -8.60 245.72
1771.00 -5.79 245.05
1771.00 -3.38 244.36
1771.00 -1.19 243.80
1771.00 1.18 243.28
1771.00 3.65 242.68
1771.00 6.07 242.03
1771.00 8.05 241.33
1771.00 10.31 240.47
1771.00 12.80 239.23
1771.00 15.04 237.88
1771.00 17.10 236.00
1771.00 18.83 234.51
1771.00 20.27 232.73
1771.00 21.74 231.25
1771.00 23.22 229.39
1771.00 24.55 227.35
1771.00 25.63 225.42
1771.00 26.45 223.92
1771.00 27.20 222.34
1771.00 28.10 220.35
1771.00 28.46 218.83
1771.00 28.58 217.48
1771.00 28.84 216.26
1771.00 29.26 215.43
1771.00 29.61 214.33
1771.00 29.36 212.71
1771.00 28.62 210.97
1771.00 28.16 209.36
1771.00 25.08 204.88
1771.00 24.39 203.63
1771.00 23.40 201.97
1771.00 21.73 200.06
1771.00 19.88 198.76
1771.00 17.93 197.12
1771.00 16.09 195.57
1771.00 14.13 194.24
1771.00 11.90 192.54
1771.00 9.68 191.19
1771.00 7.38 189.05
1771.00 4.48 188.59
1771.00 2.04 188.08
1771.00 -0.12 187.36
1771.00 -2.79 185.96
1771.00 -5.46 185.17
1771.00 -8.15 184.67
1771.00 -10.46 184.40
1771.00 -12.63 184.62
1771.00 -15.09 184.85
1771.00 -16.97 185.03
1771.00 -19.15 184.96
1771.00 -21.70 185.23
1771.00 -24.57 185.20
1771.00 -26.98 185.16
1771.00 -29.17 185.15
1771.00 -31.45 185.18
1771.00 -34.01 185.17
1771.00 -36.64 185.70
1771.00 -38.51 185.85
1771.00 -40.10 185.68
1771.00 -41.52 185.50
1771.00 -44.19 186.11
1771.00 -46.33 186.51
1771.00 -48.35 187.01
1771.00 -50.04 187.14
1771.00 -51.61 187.36
1771.00 -52.96 187.64
1771.00 -54.28 187.89
1771.00 -55.55 188.30
1771.00 -56.86 188.57
1771.00 -57.90 188.88
1771.00 -59.14 189.28
1771.00 -59.68 189.53
1771.00 -60.25 189.76
1771.00 -60.65 189.91
1771.00 -61.02 190.03
1771.00 -61.41 190.47
1771.00 -61.81 190.81
1771.00 -62.25 191.22
1771.00 -62.66 191.46
1771.00 -62.99 191.58
1771.00 -63.27 191.69
1771.00 -63.42 191.84
1771.00 -63.53 191.92
1771.00 -63.61 191.97
1771.00 -63.69 191.96
1771.00 -63.69 191.93
1771.00 -63.70 191.92
