711.00 5.67 295.96
711.00 5.68 296.06
711.00 5.68 296.13
711.00 5.66 296.25
711.00 5.59 296.42
711.00 5.55 296.51
711.00 5.45 296.48
711.00 5.29 296.36
711.00 5.17 296.30
711.00 5.04 296.23
711.00 4.86 296.15
711.00 4.71 296.11
711.00 4.58 296.04
711.00 4.45 295.95
711.00 4.36 295.94
711.00 4.31 295.96
711.00 4.21 296.04
711.00 4.18 296.13
711.00 4.13 296.21
711.00 4.08 296.26
711.00 4.03 296.36
711.00 3.97 296.41
711.00 3.93 296.44
711.00 3.88 296.52
711.00 3.83 296.53
711.00 3.68 296.63
711.00 3.62 296.51
711.00 3.54 296.42
711.00 3.45 296.23
711.00 3.43 296.14
711.00 3.38 295.98
711.00 3.38 295.88
711.00 3.37 295.91
711.00 3.31 296.13
711.00 3.27 296.32
711.00 3.24 296.43
711.00 3.18 296.65
711.00 3.13 297.02
711.00 3.03 297.34
711.00 2.93 297.48
711.00 2.81 297.63
711.00 2.62 297.74
711.00 2.15 298.20
711.00 1.75 298.54
711.00 1.20 298.48
711.00 0.64 298.42
711.00 -0.32 297.68
711.00 -1.32 296.93
711.00 -2.41 296.15
711.00 -3.61 295.56
711.00 -5.28 294.49
711.00 -6.75 293.62
711.00 -8.08 291.61
711.00 -10.12 290.17
711.00 -13.10 289.32
711.00 -15.30 287.36
711.00 -17.65 285.28
711.00 -19.99 282.76
711.00 -21.72 280.94
711.00 -22.77 279.80
711.00 -24.37 277.66
711.00 -25.82 275.85
711.00 -27.23 274.06
711.00 -28.95 272.70
711.00 -30.37 270.39
711.00 -31.32 267.92
711.00 -32.75 265.13
711.00 -33.52 262.36
711.00 -34.05 259.55
711.00 -34.32 257.11
711.00 -34.50 255.17
711.00 -34.55 253.25
711.00 -33.95 249.96
711.00 -33.33 247.31
711.00 -32.60 244.59
711.00 -31.77 241.97
711.00 -30.99 239.82
711.00 -30.76 236.59
711.00 -29.56 234.07
711.00 -28.15 231.43
711.00 -26.38 229.58
711.00 -25.45 226.61
711.00 -23.95 225.09
711.00 -22.09 224.03
711.00 -19.95 222.57
711.00 -17.78 221.61
711.00 -15.41 220.92
711.00 -13.11 220.55
711.00 -10.46 221.02
711.00 -8.25 221.21
711.00 -5.97 221.88
711.00 -4.00 222.38
711.00 -1.58 223.38
711.00 -0.10 224.52
711.00 1.70 225.14
711.00 3.03 225.49
711.00 4.13 225.76
711.00 5.58 226.84
711.00 6.79 227.62
711.00 8.13 228.67
711.00 9.15 230.36
711.00 9.46 231.44
711.00 10.29 233.45
711.00 10.81 235.99
711.00 11.28 237.79
711.00 11.35 239.05
711.00 11.72 241.09
711.00 11.73 243.11
711.00 10.76 244.58
711.00 9.28 247.38
711.00 7.80 248.83
711.00 6.33 249.79
711.00 4.64 250.54
711.00 2.66 252.07
711.00 0.59 253.93
711.00 -1.34 255.50
711.00 -3.31 256.62
711.00 -5.35 257.17
711.00 -7.58 257.05
711.00 -9.76 257.15
711.00 -12.21 257.02
711.00 -15.44 256.79
711.00 -17.74 256.55
711.00 -19.79 256.53
711.00 -22.21 256.32
711.00 -24.35 255.77
711.00 -26.28 254.44
711.00 -27.48 253.57
711.00 -28.67 253.02
711.00 -29.80 251.39
711.00 -31.05 250.25
711.00 -31.87 249.42
711.00 -32.32 249.03
711.00 -32.75 248.95
711.00 -33.10 249.08
711.00 -33.69 248.78
711.00 -34.11 247.45
711.00 -33.98 247.12
711.00 -33.80 246.74
711.00 -33.57 245.72
711.00 -33.49 244.99
711.00 -33.22 243.97
711.00 -33.26 242.97
711.00 -33.34 241.95
711.00 -33.10 241.30
711.00 -32.86 240.88
711.00 -32.68 240.64
711.00 -32.35 240.44
711.00 -32.24 240.13
711.00 -32.09 239.92
711.00 -31.87 239.71
711.00 -31.72 239.54
711.00 -31.49 239.32
711.00 -31.37 238.98
711.00 -31.25 239.11
711.00 -31.05 239.31
711.00 -30.79 239.67
711.00 -30.54 239.96
711.00 -30.37 240.07
711.00 -30.28 240.05
711.00 -30.24 240.22
711.00 -30.22 240.33
711.00 -30.23 240.46
711.00 -30.17 240.42
