301.00 10.61 281.69
301.00 10.56 281.65
301.00 10.54 281.71
301.00 10.53 281.79
301.00 10.54 281.90
301.00 10.53 281.90
301.00 10.51 281.86
301.00 10.47 281.80
301.00 10.42 281.70
301.00 10.35 281.54
301.00 10.29 281.39
301.00 10.23 281.24
301.00 10.18 281.16
301.00 10.12 281.10
301.00 10.06 281.05
301.00 10.03 281.01
301.00 10.00 280.90
301.00 9.98 280.83
301.00 9.97 280.83
301.00 9.95 280.78
301.00 9.94 280.71
301.00 9.90 280.68
301.00 9.85 280.72
301.00 9.83 280.95
301.00 9.80 281.15
301.00 9.71 281.17
301.00 9.68 281.29
301.00 9.60 281.41
301.00 9.46 281.50
301.00 9.43 281.61
301.00 9.41 281.69
301.00 9.40 281.75
301.00 9.45 282.03
301.00 9.58 282.33
301.00 9.67 282.63
301.00 9.78 282.94
301.00 10.17 283.64
301.00 10.74 284.67
301.00 11.15 285.41
301.00 11.61 286.06
301.00 12.27 286.80
301.00 12.76 287.27
301.00 13.20 287.72
301.00 13.76 288.55
301.00 14.17 289.12
301.00 14.40 289.45
301.00 14.59 289.68
301.00 14.81 289.92
301.00 15.00 290.11
301.00 15.02 289.79
301.00 14.80 289.46
301.00 14.43 288.79
301.00 13.66 287.88
301.00 12.62 286.12
301.00 11.33 283.69
301.00 10.08 281.56
301.00 8.74 279.89
301.00 7.38 277.40
301.00 5.86 274.34
301.00 4.61 270.52
301.00 3.25 267.09
301.00 2.25 263.56
301.00 1.60 260.95
301.00 1.37 257.94
301.00 1.07 255.17
301.00 1.17 252.28
301.00 1.44 249.65
301.00 1.91 247.64
301.00 2.41 245.86
301.00 3.20 243.89
301.00 4.12 241.73
301.00 5.36 240.10
301.00 6.52 238.84
301.00 7.80 237.68
301.00 9.27 236.83
301.00 10.89 236.29
301.00 12.51 235.70
301.00 14.11 235.41
301.00 15.79 235.30
301.00 17.26 235.52
301.00 18.47 235.49
301.00 19.82 236.01
301.00 21.03 236.85
301.00 22.06 237.93
301.00 22.91 239.38
301.00 23.57 240.49
301.00 24.31 241.31
301.00 24.79 241.98
301.00 25.57 243.53
301.00 26.20 245.03
301.00 26.76 246.55
301.00 27.30 248.61
301.00 27.58 250.67
301.00 27.61 252.28
301.00 27.36 253.95
301.00 26.87 255.61
301.00 26.11 256.95
301.00 24.75 258.27
301.00 23.48 259.37
301.00 21.99 260.48
301.00 20.61 261.68
301.00 19.30 262.80
301.00 17.87 263.79
301.00 16.19 264.02
301.00 14.84 264.21
301.00 13.60 264.48
301.00 12.62 264.81
301.00 11.66 264.48
301.00 10.40 263.94
301.00 9.52 263.60
301.00 8.94 263.37
301.00 8.34 263.02
301.00 7.88 262.71
301.00 7.43 262.21
301.00 7.07 261.74
301.00 6.76 261.33
301.00 6.49 261.08
301.00 6.18 260.63
301.00 5.85 260.12
301.00 5.61 259.81
301.00 5.41 259.40
301.00 5.27 259.12
301.00 5.17 258.86
301.00 5.05 258.62
301.00 4.98 258.45
301.00 4.92 258.33
301.00 4.88 258.28
301.00 4.84 258.25
301.00 4.83 258.24
301.00 4.81 258.21
301.00 4.81 258.18
301.00 4.82 258.13
301.00 4.83 258.07
301.00 4.85 258.02
301.00 4.88 258.00
301.00 4.89 257.96
301.00 4.91 257.92
301.00 4.93 257.87
301.00 4.94 257.89
301.00 4.95 257.94
301.00 4.94 257.99
301.00 4.94 258.05
301.00 4.87 258.13
301.00 4.85 258.20
301.00 4.81 258.23
301.00 4.80 258.29
301.00 4.76 258.26
