1071.00 -3.48 -225.57
1071.00 -3.61 -225.77
1071.00 -3.74 -225.91
1071.00 -3.82 -226.02
1071.00 -3.92 -226.15
1071.00 -3.89 -226.32
1071.00 -3.80 -226.85
1071.00 -3.57 -227.19
1071.00 -3.30 -227.53
1071.00 -2.99 -228.12
1071.00 -2.62 -228.82
1071.00 -2.37 -229.41
1071.00 -2.10 -230.01
1071.00 -2.13 -230.18
1071.00 -2.20 -230.28
1071.00 -2.27 -230.35
1071.00 -2.29 -230.52
1071.00 -2.29 -230.68
1071.00 -2.29 -230.87
1071.00 -2.39 -231.10
1071.00 -2.61 -231.25
1071.00 -2.87 -231.25
1071.00 -3.16 -231.27
1071.00 -3.51 -230.94
1071.00 -3.83 -230.58
1071.00 -4.08 -230.23
1071.00 -4.46 -229.51
1071.00 -4.80 -228.82
1071.00 -4.93 -228.61
1071.00 -5.01 -228.93
1071.00 -4.95 -229.73
1071.00 -4.50 -231.49
1071.00 -3.90 -233.29
1071.00 -3.10 -234.86
1071.00 -2.13 -236.65
1071.00 -0.90 -238.90
1071.00 0.54 -241.36
1071.00 1.98 -244.54
1071.00 3.58 -248.08
1071.00 5.41 -251.47
1071.00 7.73 -256.65
1071.00 10.02 -261.92
1071.00 12.72 -267.86
1071.00 15.47 -272.10
1071.00 18.07 -275.82
1071.00 20.71 -280.33
1071.00 23.60 -286.19
1071.00 26.27 -292.57
1071.00 28.91 -297.67
1071.00 30.56 -300.45
1071.00 31.31 -301.85
1071.00 31.20 -304.05
1071.00 30.46 -305.55
1071.00 28.89 -306.75
1071.00 26.52 -307.33
1071.00 23.14 -307.86
1071.00 18.41 -307.12
1071.00 12.09 -303.89
1071.00 4.40 -297.20
1071.00 -2.38 -288.09
1071.00 -9.22 -276.20
1071.00 -15.32 -264.61
1071.00 -20.85 -254.25
1071.00 -25.55 -243.98
1071.00 -27.72 -231.77
1071.00 -28.22 -221.72
1071.00 -26.96 -212.20
1071.00 -24.29 -203.72
1071.00 -19.47 -196.59
1071.00 -13.71 -190.16
1071.00 -7.74 -184.22
1071.00 -0.63 -177.90
1071.00 5.81 -172.00
1071.00 13.01 -166.47
1071.00 20.05 -162.51
1071.00 26.77 -159.60
1071.00 32.96 -158.82
1071.00 39.13 -159.09
1071.00 43.64 -159.92
1071.00 48.48 -164.92
1071.00 53.21 -171.77
1071.00 55.06 -175.59
1071.00 58.31 -183.33
1071.00 59.83 -188.86
1071.00 60.28 -193.66
1071.00 60.06 -199.17
1071.00 58.42 -204.14
1071.00 55.57 -209.87
1071.00 50.61 -214.31
1071.00 45.30 -217.64
1071.00 38.58 -221.69
1071.00 31.59 -226.14
1071.00 24.75 -227.35
1071.00 18.33 -227.98
1071.00 12.74 -227.73
1071.00 7.84 -226.50
1071.00 3.39 -223.63
1071.00 0.10 -220.72
1071.00 -3.46 -216.59
1071.00 -6.84 -211.65
1071.00 -9.31 -207.25
1071.00 -10.50 -203.73
1071.00 -11.01 -201.24
1071.00 -11.05 -199.98
1071.00 -10.69 -199.31
1071.00 -10.37 -199.04
1071.00 -10.01 -198.88
1071.00 -9.49 -198.81
1071.00 -8.73 -198.82
1071.00 -7.72 -198.93
1071.00 -5.59 -199.20
1071.00 -2.63 -199.66
1071.00 -0.36 -200.40
1071.00 1.10 -200.97
1071.00 2.40 -201.35
1071.00 3.35 -201.61
1071.00 4.44 -201.82
1071.00 5.19 -201.94
1071.00 5.84 -202.03
1071.00 6.42 -202.14
1071.00 6.86 -202.21
1071.00 7.19 -202.30
1071.00 7.44 -202.51
1071.00 7.64 -202.67
1071.00 7.84 -202.86
1071.00 7.94 -203.23
1071.00 7.94 -203.79
1071.00 7.93 -204.85
1071.00 7.87 -205.70
1081.00 29.91 300.17
1081.00 29.82 300.30
1081.00 29.76 300.46
1081.00 29.69 300.56
1081.00 29.63 300.62
1081.00 29.48 300.84
1081.00 29.36 301.00
1081.00 29.27 301.11
1081.00 29.20 301.20
1081.00 29.14 301.27
1081.00 29.07 301.30
1081.00 29.02 301.32
1081.00 28.91 301.35
1081.00 28.83 301.38
1081.00 28.73 301.26
1081.00 28.63 301.14
1081.00 28.40 301.02
1081.00 28.26 300.93
1081.00 28.14 300.87
1081.00 28.05 300.82
1081.00 28.00 300.72
1081.00 27.92 300.62
1081.00 27.83 300.43
1081.00 27.75 300.27
1081.00 27.65 300.08
1081.00 27.52 299.87
1081.00 27.25 299.50
1081.00 27.00 299.15
1081.00 27.01 299.04
1081.00 26.86 298.94
1081.00 26.72 298.80
1081.00 26.48 298.60
1081.00 26.23 298.50
1081.00 26.17 298.54
1081.00 26.19 298.68
1081.00 25.94 298.72
1081.00 25.54 298.50
1081.00 24.98 298.21
1081.00 24.47 298.03
1081.00 23.60 297.71
1081.00 22.41 296.97
1081.00 20.56 295.32
1081.00 18.57 292.22
1081.00 17.29 290.47
1081.00 15.31 289.79
1081.00 13.08 288.50
1081.00 9.98 286.20
1081.00 6.08 283.78
1081.00 2.53 280.15
1081.00 -0.27 277.35
1081.00 -3.45 274.08
1081.00 -6.63 268.76
1081.00 -9.16 264.52
1081.00 -11.87 260.97
1081.00 -14.88 254.76
1081.00 -17.89 251.59
1081.00 -19.90 247.69
1081.00 -21.97 242.94
1081.00 -24.81 238.49
1081.00 -25.46 233.54
1081.00 -25.68 227.95
1081.00 -24.94 223.87
1081.00 -25.22 219.49
1081.00 -25.36 215.06
1081.00 -24.98 210.80
1081.00 -25.31 206.69
1081.00 -25.73 202.86
1081.00 -19.14 198.59
1081.00 -14.61 195.46
1081.00 -11.52 193.27
1081.00 -9.43 190.52
1081.00 -7.15 186.92
1081.00 -0.21 183.96
1081.00 4.22 183.19
1081.00 7.15 181.70
1081.00 10.19 181.15
1081.00 12.52 180.56
1081.00 15.00 180.35
1081.00 17.43 180.07
1081.00 19.18 180.17
1081.00 20.99 181.24
1081.00 23.03 182.98
1081.00 25.14 184.80
1081.00 27.23 186.67
1081.00 29.08 189.16
1081.00 30.68 191.16
1081.00 32.48 195.02
1081.00 33.36 197.54
1081.00 34.15 200.65
1081.00 34.35 203.90
1081.00 34.10 206.76
1081.00 33.85 209.87
1081.00 33.71 213.45
1081.00 33.12 216.78
1081.00 32.36 220.65
1081.00 31.62 224.26
1081.00 30.62 227.07
1081.00 29.35 229.18
1081.00 27.61 230.52
1081.00 25.83 232.14
1081.00 23.93 233.63
1081.00 22.78 236.82
1081.00 21.21 239.41
1081.00 19.41 241.35
1081.00 18.08 242.61
1081.00 16.33 243.43
1081.00 14.69 244.06
1081.00 12.94 245.17
1081.00 10.79 245.35
1081.00 9.13 245.72
1081.00 7.51 244.71
1081.00 5.97 244.93
1081.00 4.47 245.18
1081.00 2.92 245.39
1081.00 1.02 245.78
1081.00 -0.78 245.52
1081.00 -2.71 244.75
1081.00 -4.17 244.12
1081.00 -5.83 243.05
1081.00 -7.36 241.26
1081.00 -9.11 239.47
1081.00 -10.44 237.91
1081.00 -11.61 236.23
1081.00 -12.72 233.96
1081.00 -15.25 233.40
1081.00 -16.46 232.14
1081.00 -16.90 230.65
1081.00 -17.16 229.76
1081.00 -17.72 228.12
1081.00 -18.21 226.33
1081.00 -18.57 225.04
1081.00 -19.07 223.55
1081.00 -19.51 222.01
1081.00 -19.87 220.63
1081.00 -19.95 219.32
1081.00 -20.14 218.41
1081.00 -20.36 217.52
1081.00 -20.20 217.12
1081.00 -20.24 216.78
1081.00 -20.27 216.57
1081.00 -20.46 215.74
1081.00 -20.51 215.10
1081.00 -20.39 214.72
1081.00 -20.12 214.42
1081.00 -19.93 214.22
1081.00 -19.72 214.08
1081.00 -19.47 213.94
1081.00 -19.06 213.01
1081.00 -18.90 212.84
1081.00 -18.80 212.86
1081.00 -18.55 212.51
1081.00 -18.27 212.37
1081.00 -18.24 212.57
1081.00 -18.21 212.88
1081.00 -18.17 213.10
1081.00 -18.15 213.34
1081.00 -17.86 213.47
1081.00 -17.59 213.73
1081.00 -17.37 214.17
1081.00 -17.13 214.69
1081.00 -16.96 215.09
1081.00 -16.86 215.44
1081.00 -16.77 215.67
1081.00 -16.71 215.91
1081.00 -16.62 216.12
1081.00 -16.50 216.22
1081.00 -16.40 216.31
1081.00 -16.32 216.52
1081.00 -16.26 216.69
1081.00 -16.17 216.87
1081.00 -16.11 217.00
1081.00 -15.99 217.17
