1771.00 -10.78 302.96
1771.00 -10.78 302.96
1771.00 -10.79 302.96
1771.00 -10.79 302.95
1771.00 -10.79 302.95
1771.00 -10.78 302.95
1771.00 -10.78 302.94
1771.00 -10.78 302.93
1771.00 -10.78 302.92
1771.00 -10.78 302.90
1771.00 -10.79 302.88
1771.00 -10.79 302.87
1771.00 -10.79 302.86
1771.00 -10.78 302.85
1771.00 -10.78 302.84
1771.00 -10.79 302.80
1771.00 -10.78 302.76
1771.00 -10.78 302.72
1771.00 -10.77 302.67
1771.00 -10.79 302.61
1771.00 -10.84 302.51
1771.00 -10.87 302.37
1771.00 -10.95 302.18
1771.00 -11.09 301.94
1771.00 -11.40 301.68
1771.00 -11.85 301.35
1771.00 -12.42 301.00
1771.00 -12.92 300.64
1771.00 -13.54 300.00
1771.00 -14.34 299.39
1771.00 -15.21 298.61
1771.00 -16.07 297.59
1771.00 -17.03 296.69
1771.00 -17.98 295.96
1771.00 -19.19 294.87
1771.00 -20.50 293.79
1771.00 -21.68 292.24
1771.00 -22.75 290.43
1771.00 -24.07 288.65
1771.00 -25.26 286.71
1771.00 -26.56 284.97
1771.00 -27.72 283.03
1771.00 -28.72 281.31
1771.00 -30.05 279.56
1771.00 -31.52 278.00
1771.00 -32.74 276.66
1771.00 -33.90 275.01
1771.00 -35.23 273.45
1771.00 -36.40 271.80
1771.00 -37.89 270.22
1771.00 -39.28 268.63
1771.00 -40.42 266.67
1771.00 -41.73 264.67
1771.00 -42.86 262.55
1771.00 -44.05 260.53
1771.00 -45.01 258.61
1771.00 -46.24 256.76
1771.00 -47.34 255.08
1771.00 -48.39 253.25
1771.00 -49.30 251.15
1771.00 -50.29 249.05
1771.00 -51.14 247.00
1771.00 -52.33 245.15
1771.00 -53.34 243.17
1771.00 -54.31 241.68
1771.00 -55.43 240.09
1771.00 -56.15 238.36
1771.00 -57.08 236.60
1771.00 -57.84 234.37
1771.00 -58.63 232.31
1771.00 -59.14 230.27
1771.00 -59.70 228.15
1771.00 -60.24 226.08
1771.00 -60.42 223.95
1771.00 -60.64 221.82
1771.00 -60.77 219.29
1771.00 -60.94 217.12
1771.00 -60.80 214.73
1771.00 -60.83 212.72
1771.00 -60.61 210.53
1771.00 -60.37 208.27
1771.00 -59.78 205.10
1771.00 -58.99 202.17
1771.00 -58.37 199.71
1771.00 -58.09 197.67
1771.00 -57.41 194.81
1771.00 -56.44 192.29
1771.00 -55.32 189.18
1771.00 -54.64 187.26
1771.00 -53.63 184.63
1771.00 -52.96 182.75
1771.00 -51.87 180.15
1771.00 -50.83 177.75
1771.00 -49.48 174.49
1771.00 -48.74 172.63
1771.00 -47.83 171.08
1771.00 -46.41 168.63
1771.00 -45.39 167.08
1771.00 -44.25 165.53
1771.00 -42.58 163.70
1771.00 -40.27 161.79
1771.00 -39.07 160.74
1771.00 -37.08 158.21
1771.00 -34.94 155.81
1771.00 -32.87 153.77
1771.00 -30.88 152.49
1771.00 -28.95 151.64
1771.00 -27.46 151.19
1771.00 -25.26 150.17
1771.00 -22.60 149.24
1771.00 -20.53 148.68
1771.00 -18.66 148.56
1771.00 -16.71 148.84
1771.00 -14.54 149.00
1771.00 -11.92 148.73
1771.00 -9.64 148.78
1771.00 -7.17 147.85
1771.00 -5.49 148.13
1771.00 -4.21 149.04
1771.00 -2.57 150.14
1771.00 -0.31 150.88
1771.00 1.56 152.25
1771.00 3.30 154.30
1771.00 5.16 156.27
1771.00 7.29 157.33
1771.00 9.28 159.03
1771.00 11.85 161.49
1771.00 13.61 164.29
1771.00 14.99 167.52
1771.00 15.95 169.68
1771.00 16.47 171.47
1771.00 18.66 178.24
1771.00 18.61 179.62
1771.00 18.70 181.46
1771.00 18.73 183.40
1771.00 18.78 185.44
1771.00 18.57 187.57
1771.00 18.46 190.04
1771.00 18.63 192.39
1771.00 18.33 194.50
1771.00 17.96 196.68
1771.00 17.76 198.83
1771.00 17.32 200.56
1771.00 16.44 202.74
1771.00 15.80 204.59
1771.00 15.01 206.33
1771.00 13.90 208.46
1771.00 12.98 210.22
1771.00 11.70 211.99
1771.00 10.40 213.55
1771.00 9.00 214.86
1771.00 8.03 216.02
1771.00 6.77 217.27
1771.00 5.42 218.13
1771.00 3.59 219.21
1771.00 1.91 220.52
1771.00 0.39 221.63
1771.00 -1.27 222.67
1771.00 -2.84 223.65
1771.00 -4.49 224.30
1771.00 -6.02 224.88
1771.00 -7.94 225.50
1771.00 -9.79 226.08
1771.00 -11.57 226.22
1771.00 -13.42 226.09
1771.00 -15.15 226.28
1771.00 -17.05 226.15
1771.00 -19.07 226.07
1771.00 -20.97 226.04
1771.00 -22.89 225.97
1771.00 -24.82 225.96
1771.00 -26.90 225.95
1771.00 -28.97 225.66
1771.00 -31.41 225.70
1771.00 -33.58 225.79
1771.00 -35.32 225.57
1771.00 -37.32 225.40
1771.00 -39.28 225.20
1771.00 -41.37 224.83
1771.00 -43.35 224.11
1771.00 -45.13 223.44
1771.00 -47.04 222.91
1771.00 -48.60 222.42
1771.00 -50.19 221.98
1771.00 -51.75 221.42
1771.00 -52.91 220.88
1771.00 -54.12 220.17
1771.00 -55.23 219.52
1771.00 -56.42 219.03
1771.00 -57.48 218.54
1771.00 -58.41 217.82
1771.00 -59.00 217.22
1771.00 -59.70 216.65
1771.00 -60.37 216.12
1771.00 -61.02 215.59
1771.00 -61.57 214.80
1771.00 -62.04 214.30
1771.00 -62.55 213.84
1771.00 -63.03 213.45
1771.00 -63.39 213.02
1771.00 -63.75 212.60
1771.00 -64.09 212.25
1771.00 -64.21 211.89
1771.00 -64.28 211.61
1771.00 -64.36 211.40
1771.00 -64.41 211.24
1771.00 -64.51 211.16
1771.00 -64.58 211.09
1771.00 -64.61 210.99
1771.00 -64.64 210.87
1771.00 -64.54 210.74
1771.00 -64.51 210.67
1771.00 -64.48 210.63
1771.00 -64.41 210.64
1771.00 -64.34 210.62
1771.00 -64.23 210.62
1771.00 -64.02 210.70
1771.00 -63.71 210.77
1771.00 -63.51 210.84
1771.00 -63.27 210.99
1771.00 -63.16 211.09
