711.00 -57.17 291.49
711.00 -57.24 292.03
711.00 -57.36 292.59
711.00 -57.48 293.06
711.00 -57.55 293.40
711.00 -57.63 293.58
711.00 -57.70 293.76
711.00 -57.86 293.82
711.00 -57.96 293.88
711.00 -58.00 293.98
711.00 -58.03 294.08
711.00 -58.09 294.18
711.00 -58.17 294.25
711.00 -58.20 294.26
711.00 -58.16 294.19
711.00 -58.06 294.10
711.00 -57.95 294.05
711.00 -57.88 293.99
711.00 -57.80 293.95
711.00 -57.77 294.01
711.00 -57.71 294.06
711.00 -57.64 294.06
711.00 -57.54 294.04
711.00 -57.43 294.01
711.00 -57.19 293.87
711.00 -57.11 293.66
711.00 -57.03 293.40
711.00 -57.01 293.15
711.00 -57.07 292.95
711.00 -57.19 292.87
711.00 -57.32 292.84
711.00 -57.44 292.80
711.00 -57.56 292.83
711.00 -57.69 293.08
711.00 -57.79 293.28
711.00 -57.94 293.29
711.00 -58.13 293.34
711.00 -58.33 293.34
711.00 -58.56 293.36
711.00 -58.88 293.30
711.00 -59.14 293.25
711.00 -59.44 293.17
711.00 -59.86 293.07
711.00 -60.16 292.94
711.00 -60.48 292.91
711.00 -60.82 292.78
711.00 -61.12 292.61
711.00 -61.37 292.33
711.00 -61.60 292.20
711.00 -61.80 292.09
711.00 -61.84 291.81
711.00 -61.90 291.61
711.00 -61.83 291.54
711.00 -60.89 290.83
711.00 -59.80 290.17
711.00 -58.94 289.97
711.00 -57.89 289.73
711.00 -56.82 289.83
711.00 -55.78 289.96
711.00 -54.37 290.18
711.00 -52.80 290.31
711.00 -51.09 290.70
711.00 -49.48 290.87
711.00 -47.67 290.97
711.00 -45.52 290.67
711.00 -43.57 290.34
711.00 -41.41 289.72
711.00 -39.32 288.65
711.00 -37.57 287.98
711.00 -35.53 287.47
711.00 -33.45 287.03
711.00 -31.01 286.58
711.00 -28.93 285.98
711.00 -27.12 287.09
711.00 -25.22 287.71
711.00 -23.37 288.82
711.00 -21.69 288.80
711.00 -20.19 288.70
711.00 -18.58 288.56
711.00 -17.27 289.24
711.00 -15.84 289.31
711.00 -15.02 289.33
711.00 -13.93 289.34
711.00 -12.89 289.27
711.00 -11.69 288.86
711.00 -10.92 288.82
711.00 -10.43 288.85
711.00 -9.81 288.09
711.00 -9.26 287.91
711.00 -9.04 287.32
711.00 -8.75 287.40
711.00 -8.48 287.47
711.00 -8.38 287.43
711.00 -8.29 287.34
711.00 -8.16 287.32
711.00 -8.13 287.01
711.00 -8.16 286.51
711.00 -8.32 286.23
711.00 -8.72 285.80
711.00 -9.37 284.87
711.00 -9.74 283.04
711.00 -10.48 281.67
711.00 -11.14 280.48
711.00 -12.38 279.01
711.00 -13.71 277.25
711.00 -14.78 275.49
711.00 -16.39 273.58
711.00 -17.92 271.79
711.00 -19.83 270.06
711.00 -21.67 268.46
711.00 -23.22 266.99
711.00 -24.48 265.26
711.00 -25.89 262.73
711.00 -27.19 260.83
711.00 -28.45 258.84
711.00 -29.25 257.29
711.00 -30.07 255.29
711.00 -30.90 253.45
711.00 -31.33 252.00
711.00 -32.03 251.14
711.00 -32.49 249.50
711.00 -32.95 247.12
711.00 -33.44 245.54
711.00 -33.96 244.28
711.00 -34.17 243.12
711.00 -34.45 242.47
711.00 -34.85 241.37
711.00 -35.26 239.71
711.00 -35.63 238.60
711.00 -35.84 237.97
711.00 -36.16 237.59
711.00 -36.39 237.33
711.00 -36.83 236.23
711.00 -37.10 235.71
711.00 -37.17 235.19
711.00 -37.31 234.64
711.00 -37.96 232.76
711.00 -38.33 232.00
711.00 -38.49 231.63
711.00 -38.40 231.35
711.00 -38.59 231.08
711.00 -38.42 231.07
711.00 -38.26 231.05
711.00 -38.16 231.02
711.00 -38.07 230.97
711.00 -38.01 230.86
711.00 -37.85 230.72
711.00 -37.61 230.63
711.00 -37.41 230.16
711.00 -37.54 228.43
711.00 -37.27 228.17
711.00 -37.36 228.16
711.00 -37.24 228.31
711.00 -37.25 228.22
711.00 -37.18 228.28
711.00 -37.05 228.43
711.00 -37.10 228.50
711.00 -37.07 228.73
711.00 -36.88 229.06
711.00 -36.58 229.34
711.00 -36.53 229.40
711.00 -36.41 229.45
711.00 -36.45 229.24
711.00 -36.66 228.73
711.00 -36.60 229.11
711.00 -36.49 229.60
711.00 -36.45 229.98
711.00 -36.43 230.20
711.00 -36.44 230.34
711.00 -36.50 230.34
711.00 -36.57 230.41
711.00 -36.65 230.58
711.00 -36.63 230.72
711.00 -36.71 230.84
711.00 -36.69 230.97
711.00 -36.68 231.14
711.00 -36.70 231.34
711.00 -36.71 231.55
711.00 -36.68 231.71
711.00 -36.62 231.87
