301.00 5.87 276.84
301.00 5.95 276.88
301.00 6.02 276.91
301.00 6.05 276.88
301.00 6.07 276.86
301.00 6.12 276.87
301.00 6.20 276.93
301.00 6.29 277.04
301.00 6.39 277.16
301.00 6.47 277.25
301.00 6.58 277.37
301.00 6.60 277.37
301.00 6.61 277.32
301.00 6.62 277.27
301.00 6.67 277.30
301.00 6.74 277.38
301.00 6.81 277.47
301.00 6.88 277.57
301.00 6.91 277.59
301.00 6.92 277.58
301.00 6.93 277.56
301.00 6.93 277.55
301.00 6.93 277.53
301.00 6.94 277.53
301.00 6.94 277.52
301.00 6.95 277.51
301.00 6.96 277.52
301.00 6.99 277.56
301.00 7.02 277.61
301.00 7.05 277.65
301.00 7.08 277.69
301.00 7.10 277.72
301.00 7.13 277.75
301.00 7.15 277.75
301.00 7.16 277.74
301.00 7.18 277.76
301.00 7.20 277.76
301.00 7.21 277.76
301.00 7.23 277.78
301.00 7.25 277.79
301.00 7.26 277.79
301.00 7.27 277.78
301.00 7.28 277.77
301.00 7.28 277.76
301.00 7.28 277.75
301.00 7.28 277.75
301.00 7.28 277.74
301.00 7.28 277.72
301.00 7.27 277.69
301.00 7.26 277.65
301.00 7.26 277.62
301.00 7.24 277.58
301.00 7.24 277.55
301.00 7.22 277.49
301.00 7.20 277.41
301.00 7.18 277.35
301.00 7.16 277.28
301.00 7.17 277.24
301.00 7.19 277.16
301.00 7.25 277.11
301.00 7.32 276.97
301.00 7.46 276.84
301.00 7.64 276.69
301.00 7.92 276.60
301.00 8.30 276.27
301.00 8.76 275.77
301.00 9.39 275.31
301.00 10.16 274.88
301.00 11.01 274.52
301.00 12.14 274.11
301.00 13.15 273.84
301.00 14.32 273.63
301.00 15.54 273.57
301.00 16.79 273.36
301.00 18.16 273.38
301.00 19.46 273.47
301.00 20.75 273.25
301.00 21.86 273.25
301.00 23.08 273.29
301.00 24.25 273.66
301.00 25.31 273.78
301.00 26.33 274.02
301.00 27.27 274.34
301.00 28.09 274.63
301.00 28.97 274.96
301.00 29.73 275.12
301.00 30.33 275.28
301.00 30.96 275.33
301.00 31.39 275.40
301.00 31.68 275.44
301.00 31.89 275.48
301.00 32.05 275.50
301.00 32.20 275.52
301.00 32.31 275.51
301.00 32.38 275.49
301.00 32.43 275.41
301.00 32.45 275.30
301.00 32.43 275.14
301.00 32.22 274.80
301.00 31.88 274.40
301.00 31.55 273.48
301.00 31.19 272.55
301.00 30.74 271.55
301.00 30.04 270.13
301.00 29.26 268.97
301.00 28.37 267.23
301.00 27.67 265.90
301.00 26.68 264.14
301.00 25.89 262.96
301.00 25.07 261.31
301.00 24.38 259.95
301.00 23.42 258.34
301.00 22.87 256.66
301.00 22.20 255.30
301.00 21.37 254.00
301.00 20.86 253.02
301.00 20.28 251.86
301.00 19.84 250.59
301.00 19.45 249.75
301.00 19.01 248.75
301.00 18.71 248.11
301.00 18.39 247.42
301.00 18.10 246.94
301.00 17.64 246.35
301.00 17.32 245.94
301.00 17.09 245.65
301.00 16.79 245.43
301.00 16.54 245.22
301.00 16.30 245.07
301.00 16.13 244.92
301.00 15.97 244.74
301.00 15.85 244.66
301.00 15.75 244.60
301.00 15.67 244.56
301.00 15.58 244.54
301.00 15.41 244.52
301.00 15.35 244.53
301.00 15.27 244.54
301.00 15.18 244.55
301.00 15.11 244.58
301.00 15.02 244.61
301.00 14.93 244.66
301.00 14.86 244.71
301.00 14.83 244.79
301.00 14.80 244.91
301.00 14.74 245.00
301.00 14.66 245.04
301.00 14.61 245.12
301.00 14.53 245.19
301.00 14.46 245.24
301.00 14.38 245.29
301.00 14.29 245.33
301.00 14.20 245.36
301.00 14.12 245.37
301.00 14.05 245.42
301.00 13.98 245.48
301.00 13.92 245.52
301.00 13.88 245.58
301.00 13.84 245.63
301.00 13.81 245.68
301.00 13.78 245.73
301.00 13.73 245.77
301.00 13.71 245.82
