1081.00 -10.07 237.99
1081.00 -10.04 238.06
1081.00 -10.01 238.12
1081.00 -9.89 238.20
1081.00 -9.80 238.22
1081.00 -9.80 238.17
1081.00 -9.84 238.02
1081.00 -9.82 237.90
1081.00 -9.80 237.75
1081.00 -9.81 237.60
1081.00 -9.82 237.50
1081.00 -9.87 237.36
1081.00 -9.93 237.24
1081.00 -9.99 237.14
1081.00 -10.03 237.00
1081.00 -10.09 236.90
1081.00 -10.16 236.82
1081.00 -10.25 236.72
1081.00 -10.33 236.64
1081.00 -10.38 236.62
1081.00 -10.43 236.57
1081.00 -10.47 236.52
1081.00 -10.53 236.40
1081.00 -10.58 236.32
1081.00 -10.66 236.22
1081.00 -10.79 236.23
1081.00 -10.80 236.37
1081.00 -10.96 236.39
1081.00 -11.38 236.29
1081.00 -11.62 236.53
1081.00 -11.56 237.04
1081.00 -11.43 237.50
1081.00 -11.33 237.82
1081.00 -11.42 237.97
1081.00 -11.42 238.05
1081.00 -11.30 237.95
1081.00 -11.03 237.95
1081.00 -10.60 238.15
1081.00 -10.26 238.28
1081.00 -9.34 238.20
1081.00 -7.96 238.12
1081.00 -6.56 237.64
1081.00 -4.61 237.10
1081.00 -2.19 237.42
1081.00 0.43 237.49
1081.00 3.39 237.72
1081.00 6.59 237.95
1081.00 10.30 237.54
1081.00 14.21 236.82
1081.00 18.04 235.80
1081.00 21.87 234.47
1081.00 25.28 232.99
1081.00 29.03 231.41
1081.00 32.46 230.08
1081.00 35.23 228.97
1081.00 37.71 227.96
1081.00 40.10 227.03
1081.00 42.42 226.22
1081.00 44.13 225.48
1081.00 46.06 224.91
1081.00 47.36 224.20
1081.00 48.35 223.64
1081.00 49.43 223.16
1081.00 50.13 222.32
1081.00 50.56 221.86
1081.00 50.85 221.58
1081.00 51.12 221.50
1081.00 51.32 221.69
1081.00 51.46 221.78
1081.00 51.26 221.54
1081.00 50.90 221.10
1081.00 49.82 219.96
1081.00 48.39 218.56
1081.00 46.70 217.22
1081.00 44.52 215.15
1081.00 42.92 213.76
1081.00 39.77 211.65
1081.00 37.44 208.43
1081.00 33.42 205.30
1081.00 30.20 202.40
1081.00 24.75 203.07
1081.00 21.79 200.95
1081.00 19.13 197.53
1081.00 16.92 194.59
1081.00 14.68 191.47
1081.00 12.19 187.40
1081.00 9.76 184.24
1081.00 7.57 181.08
1081.00 5.10 174.24
1081.00 2.02 167.59
1081.00 0.25 162.78
1081.00 -2.09 161.46
1081.00 -4.14 159.12
1081.00 -5.87 157.02
1081.00 -7.51 155.32
1081.00 -8.94 152.25
1081.00 -10.26 150.06
1081.00 -11.16 148.14
1081.00 -11.86 146.91
1081.00 -12.67 145.33
1081.00 -13.08 144.49
1081.00 -13.28 143.32
1081.00 -13.41 142.42
1081.00 -13.63 141.64
1081.00 -13.87 141.09
1081.00 -14.03 140.54
1081.00 -14.25 140.18
1081.00 -14.33 140.22
1081.00 -14.30 140.51
1081.00 -14.24 140.88
1081.00 -14.22 141.29
1081.00 -14.13 141.79
1081.00 -14.14 142.41
1081.00 -14.10 143.10
1081.00 -14.04 143.80
1081.00 -13.88 144.42
1081.00 -13.61 145.10
1081.00 -13.44 145.73
1081.00 -13.41 146.78
1081.00 -13.06 147.66
1081.00 -12.87 148.22
1081.00 -12.66 148.75
1081.00 -12.36 149.04
1081.00 -11.83 149.20
1081.00 -11.48 149.43
1081.00 -11.08 149.56
1081.00 -10.97 149.95
1081.00 -10.90 150.28
1081.00 -10.90 150.77
1081.00 -10.99 151.62
1081.00 -10.56 152.23
1081.00 -10.33 152.71
1081.00 -10.22 153.21
