1771.00 -60.32 292.35
1771.00 -60.30 292.33
1771.00 -60.28 292.31
1771.00 -60.26 292.28
1771.00 -60.23 292.25
1771.00 -60.21 292.22
1771.00 -60.19 292.19
1771.00 -60.17 292.16
1771.00 -60.15 292.12
1771.00 -60.12 292.08
1771.00 -60.09 292.04
1771.00 -60.05 291.99
1771.00 -60.01 291.95
1771.00 -59.97 291.91
1771.00 -59.94 291.86
1771.00 -59.91 291.82
1771.00 -59.87 291.76
1771.00 -59.81 291.70
1771.00 -59.77 291.64
1771.00 -59.73 291.58
1771.00 -59.69 291.54
1771.00 -59.65 291.49
1771.00 -59.62 291.45
1771.00 -59.61 291.40
1771.00 -59.60 291.37
1771.00 -59.53 291.30
1771.00 -59.44 291.21
1771.00 -59.21 291.15
1771.00 -59.00 291.18
1771.00 -58.70 291.13
1771.00 -58.21 291.06
1771.00 -57.62 291.05
1771.00 -57.10 290.97
1771.00 -56.23 290.91
1771.00 -55.47 290.86
1771.00 -54.71 290.80
1771.00 -53.80 290.91
1771.00 -52.79 290.90
1771.00 -51.66 290.80
1771.00 -50.59 290.81
1771.00 -49.26 290.63
1771.00 -47.80 290.40
1771.00 -46.22 290.42
1771.00 -44.49 290.13
1771.00 -42.79 289.86
1771.00 -41.18 289.66
1771.00 -39.27 289.09
1771.00 -37.36 288.65
1771.00 -35.21 288.17
1771.00 -33.16 288.10
1771.00 -31.40 287.91
1771.00 -29.32 287.62
1771.00 -27.89 287.52
1771.00 -26.34 287.57
1771.00 -24.65 287.49
1771.00 -23.14 287.17
1771.00 -21.55 286.53
1771.00 -20.21 285.79
1771.00 -18.93 285.33
1771.00 -17.29 284.52
1771.00 -15.46 283.79
1771.00 -13.78 283.44
1771.00 -12.26 283.34
1771.00 -10.67 283.03
1771.00 -9.13 282.81
1771.00 -7.50 282.47
1771.00 -6.00 282.35
1771.00 -4.40 282.16
1771.00 -2.62 281.72
1771.00 -0.82 281.44
1771.00 0.55 281.25
1771.00 2.08 281.05
1771.00 3.58 281.08
1771.00 5.00 281.09
1771.00 6.55 281.13
1771.00 8.14 281.08
1771.00 9.56 281.30
1771.00 10.72 281.54
1771.00 11.79 281.74
1771.00 12.97 282.11
1771.00 14.07 282.18
1771.00 15.15 282.34
1771.00 15.98 282.34
1771.00 16.68 282.43
1771.00 18.13 282.63
1771.00 18.48 282.60
1771.00 18.94 282.62
1771.00 19.33 282.63
1771.00 19.65 282.61
1771.00 19.91 282.59
1771.00 20.10 282.44
1771.00 20.17 282.27
1771.00 20.22 281.83
1771.00 20.08 281.26
1771.00 19.80 280.27
1771.00 19.24 279.05
1771.00 18.44 277.63
1771.00 17.41 276.27
1771.00 16.56 274.93
1771.00 15.68 273.71
1771.00 14.72 272.27
1771.00 13.34 270.48
1771.00 12.28 268.89
1771.00 10.87 267.14
1771.00 9.64 265.51
1771.00 8.33 263.79
1771.00 6.82 261.68
1771.00 5.45 259.29
1771.00 3.74 256.87
1771.00 2.15 254.70
1771.00 0.28 252.09
1771.00 -1.06 249.67
1771.00 -2.82 247.36
1771.00 -4.17 244.34
1771.00 -6.08 241.86
1771.00 -7.89 239.41
1771.00 -9.68 236.69
1771.00 -11.35 233.83
1771.00 -12.99 231.33
1771.00 -14.65 228.76
1771.00 -16.49 225.87
1771.00 -18.78 222.91
1771.00 -20.77 220.66
1771.00 -22.70 218.04
1771.00 -24.40 215.44
1771.00 -25.97 213.32
1771.00 -27.78 211.07
1771.00 -29.67 208.92
1771.00 -31.36 206.98
1771.00 -33.16 205.31
1771.00 -34.76 203.24
1771.00 -36.29 201.27
1771.00 -37.83 199.38
1771.00 -39.29 197.65
1771.00 -40.52 195.65
1771.00 -41.82 193.69
1771.00 -43.00 191.75
1771.00 -44.13 190.07
1771.00 -45.14 188.32
1771.00 -46.25 186.94
1771.00 -47.35 185.66
1771.00 -48.16 184.20
1771.00 -48.78 182.62
1771.00 -49.21 180.99
1771.00 -49.68 179.89
1771.00 -49.91 178.85
1771.00 -50.56 177.92
1771.00 -50.89 177.07
1771.00 -51.19 176.11
1771.00 -51.55 175.13
1771.00 -51.74 174.07
1771.00 -51.83 172.91
1771.00 -52.15 171.89
1771.00 -52.32 170.14
1771.00 -52.75 169.12
1771.00 -53.07 168.46
1771.00 -53.28 167.57
1771.00 -53.52 166.99
1771.00 -53.78 166.68
1771.00 -53.99 166.55
1771.00 -54.19 166.47
1771.00 -54.26 166.21
1771.00 -54.04 165.51
1771.00 -53.91 165.15
1771.00 -53.91 165.26
1771.00 -54.09 165.04
1771.00 -54.26 164.12
1771.00 -54.48 163.27
1771.00 -54.66 161.94
1771.00 -54.82 161.15
1771.00 -54.87 160.80
1771.00 -54.77 160.81
1771.00 -54.66 160.87
1771.00 -54.62 160.97
1771.00 -54.55 161.20
1771.00 -54.57 161.57
1771.00 -54.60 161.68
1771.00 -54.54 161.90
1771.00 -54.29 161.70
1771.00 -51.89 164.97
1771.00 -52.74 165.35
