711.00 -63.96 301.57
711.00 -63.63 301.36
711.00 -63.49 300.83
711.00 -63.50 300.34
711.00 -63.52 299.53
711.00 -63.48 298.87
711.00 -63.48 298.32
711.00 -63.50 297.73
711.00 -63.51 297.22
711.00 -63.49 296.97
711.00 -63.45 296.82
711.00 -63.32 296.77
711.00 -63.20 296.70
711.00 -63.07 296.59
711.00 -62.93 296.48
711.00 -62.73 296.44
711.00 -62.53 296.43
711.00 -62.36 296.41
711.00 -62.16 296.41
711.00 -62.04 296.40
711.00 -61.96 296.49
711.00 -61.86 296.58
711.00 -61.75 296.73
711.00 -61.64 296.90
711.00 -61.48 297.11
711.00 -61.33 297.30
711.00 -61.27 297.35
711.00 -61.23 297.31
711.00 -61.14 297.21
711.00 -61.01 296.93
711.00 -60.87 296.56
711.00 -60.83 296.12
711.00 -60.86 295.68
711.00 -60.92 295.37
711.00 -60.90 295.17
711.00 -60.91 294.83
711.00 -60.84 294.52
711.00 -60.78 294.30
711.00 -60.81 294.18
711.00 -61.01 294.08
711.00 -61.28 294.00
711.00 -61.52 294.38
711.00 -62.08 294.75
711.00 -62.45 294.92
711.00 -62.88 294.91
711.00 -63.32 294.92
711.00 -63.74 295.04
711.00 -64.14 295.29
711.00 -64.53 295.69
711.00 -64.86 296.17
711.00 -65.07 296.46
711.00 -65.33 296.65
711.00 -65.83 296.74
711.00 -66.10 296.81
711.00 -66.07 296.55
711.00 -65.94 296.38
711.00 -65.24 295.78
711.00 -64.01 295.01
711.00 -62.44 293.98
711.00 -60.44 293.30
711.00 -58.43 292.52
711.00 -56.37 291.65
711.00 -54.21 290.20
711.00 -51.76 288.65
711.00 -49.06 287.16
711.00 -46.43 285.77
711.00 -43.94 283.98
711.00 -41.15 281.82
711.00 -37.90 279.65
711.00 -35.44 277.79
711.00 -32.70 276.73
711.00 -30.28 275.17
711.00 -27.69 273.54
711.00 -25.21 271.04
711.00 -22.35 268.77
711.00 -19.79 266.64
711.00 -17.34 264.83
711.00 -15.18 262.25
711.00 -13.34 259.62
711.00 -11.71 256.76
711.00 -10.08 254.34
711.00 -8.07 252.41
711.00 -6.56 250.10
711.00 -5.24 247.64
711.00 -4.41 245.43
711.00 -3.70 243.31
711.00 -3.33 240.93
711.00 -3.19 239.65
711.00 -2.93 238.34
711.00 -3.49 235.76
711.00 -4.27 233.09
711.00 -5.79 229.98
711.00 -7.42 227.23
711.00 -8.86 225.94
711.00 -10.33 225.49
711.00 -12.20 224.93
711.00 -14.66 224.07
711.00 -17.40 223.24
711.00 -20.29 222.70
711.00 -23.51 222.26
711.00 -26.71 221.94
711.00 -29.73 222.11
711.00 -33.58 222.28
711.00 -37.50 223.81
711.00 -39.99 225.65
711.00 -42.26 228.63
711.00 -44.56 230.40
711.00 -45.64 233.37
711.00 -46.80 235.64
711.00 -47.50 237.40
711.00 -48.33 239.47
711.00 -48.93 241.24
711.00 -49.75 243.74
711.00 -50.21 246.25
711.00 -50.73 248.88
711.00 -50.59 252.07
711.00 -49.94 254.48
711.00 -49.32 256.07
711.00 -48.84 257.50
711.00 -48.08 258.79
711.00 -46.88 260.51
711.00 -45.10 262.42
711.00 -43.23 264.54
711.00 -41.24 266.04
711.00 -39.27 267.03
711.00 -37.23 269.10
711.00 -35.24 270.62
711.00 -32.85 273.37
711.00 -30.68 276.18
711.00 -29.12 278.03
711.00 -27.35 279.55
711.00 -25.73 280.53
711.00 -24.01 282.20
711.00 -23.04 282.87
711.00 -22.49 283.97
711.00 -21.67 284.94
711.00 -21.41 285.72
711.00 -21.37 286.59
711.00 -21.08 287.46
711.00 -20.89 288.24
711.00 -20.59 289.33
711.00 -20.84 291.43
711.00 -21.50 293.01
711.00 -22.03 295.01
711.00 -22.66 296.78
711.00 -23.54 298.34
711.00 -24.72 299.79
711.00 -26.32 301.01
711.00 -28.08 302.56
711.00 -29.71 303.64
711.00 -31.42 304.39
711.00 -33.24 305.04
711.00 -35.44 305.64
711.00 -37.68 306.05
711.00 -40.10 306.41
711.00 -42.75 307.30
711.00 -45.25 307.60
711.00 -47.62 308.16
711.00 -50.00 308.73
711.00 -51.88 308.69
711.00 -53.59 308.73
711.00 -55.47 308.79
711.00 -57.04 309.34
711.00 -58.46 308.85
711.00 -59.96 308.58
711.00 -60.74 307.70
711.00 -61.57 306.73
711.00 -62.07 305.86
711.00 -62.67 304.47
711.00 -63.18 303.30
711.00 -63.70 302.31
711.00 -63.97 300.71
711.00 -64.36 299.38
711.00 -64.72 298.35
711.00 -64.67 296.75
711.00 -64.71 295.79
711.00 -64.75 294.80
711.00 -64.25 294.10
711.00 -64.02 292.93
711.00 -63.61 291.95
711.00 -62.92 291.02
711.00 -62.29 290.21
711.00 -61.55 289.16
711.00 -60.97 287.82
711.00 -60.56 287.68
711.00 -60.24 287.57
711.00 -59.92 287.29
711.00 -59.71 286.35
711.00 -59.36 286.08
711.00 -58.97 286.34
711.00 -58.64 286.68
711.00 -58.38 286.87
711.00 -58.18 286.82
711.00 -57.98 287.16
711.00 -57.81 287.47
711.00 -57.70 287.29
711.00 -57.56 287.31
711.00 -57.36 287.54
711.00 -57.30 287.63
711.00 -57.15 287.76
711.00 -57.09 287.92
711.00 -57.11 287.78
711.00 -57.05 287.59
711.00 -57.00 287.52
711.00 -56.95 287.54
