301.00 16.57 273.22
301.00 16.50 273.08
301.00 16.43 272.97
301.00 16.33 272.82
301.00 16.25 272.70
301.00 16.17 272.60
301.00 16.10 272.52
301.00 16.03 272.48
301.00 15.99 272.47
301.00 15.94 272.48
301.00 15.90 272.48
301.00 15.86 272.48
301.00 15.83 272.49
301.00 15.79 272.49
301.00 15.78 272.56
301.00 15.78 272.67
301.00 15.80 272.80
301.00 15.82 272.89
301.00 15.83 272.98
301.00 15.82 273.09
301.00 15.83 273.19
301.00 15.84 273.30
301.00 15.84 273.41
301.00 15.84 273.51
301.00 15.85 273.62
301.00 15.84 273.71
301.00 15.83 273.85
301.00 15.84 274.07
301.00 15.84 274.28
301.00 15.85 274.44
301.00 15.83 274.58
301.00 15.82 274.72
301.00 15.80 274.86
301.00 15.78 275.01
301.00 15.74 275.14
301.00 15.73 275.25
301.00 15.70 275.33
301.00 15.68 275.44
301.00 15.66 275.54
301.00 15.62 275.61
301.00 15.58 275.67
301.00 15.52 275.73
301.00 15.48 275.79
301.00 15.44 275.86
301.00 15.40 275.96
301.00 15.37 276.08
301.00 15.32 276.19
301.00 15.29 276.31
301.00 15.30 276.48
301.00 15.35 276.62
301.00 15.42 276.76
301.00 15.55 276.89
301.00 15.69 276.96
301.00 15.87 276.91
301.00 16.06 276.83
301.00 16.22 276.70
301.00 16.38 276.57
301.00 16.67 276.37
301.00 16.75 276.28
301.00 16.91 276.11
301.00 17.07 275.97
301.00 17.21 275.80
301.00 17.36 275.63
301.00 17.49 275.47
301.00 17.58 275.28
301.00 17.66 275.11
301.00 17.71 274.94
301.00 17.67 274.74
301.00 17.60 274.58
301.00 17.44 274.48
301.00 16.92 274.62
301.00 16.34 274.80
301.00 15.50 275.06
301.00 14.27 275.57
301.00 12.66 276.13
301.00 11.33 277.06
301.00 9.97 277.71
301.00 8.54 278.46
301.00 7.19 278.96
301.00 5.87 279.33
301.00 4.54 279.37
301.00 3.40 279.06
301.00 2.18 278.51
301.00 1.12 277.85
301.00 0.12 277.28
301.00 -0.80 276.54
301.00 -1.52 275.82
301.00 -2.08 275.12
301.00 -2.56 274.43
301.00 -2.94 273.78
301.00 -3.20 273.21
301.00 -3.25 272.25
301.00 -3.08 271.50
301.00 -2.77 270.86
301.00 -2.12 270.14
301.00 -1.60 269.52
301.00 -0.88 269.08
301.00 0.08 268.68
301.00 1.39 268.14
301.00 2.74 267.64
301.00 4.38 267.09
301.00 5.89 266.29
301.00 7.43 265.33
301.00 9.00 264.33
301.00 10.45 263.42
301.00 11.86 262.51
301.00 13.30 261.54
301.00 14.67 260.53
301.00 16.14 259.20
301.00 17.48 258.08
301.00 18.79 256.94
301.00 20.04 255.92
301.00 21.19 255.02
301.00 22.51 254.12
301.00 23.69 253.51
301.00 24.67 253.02
301.00 25.72 251.42
301.00 26.59 250.42
301.00 27.36 249.54
301.00 27.94 248.90
301.00 28.44 248.36
301.00 28.94 247.87
301.00 29.40 247.20
301.00 29.96 246.44
301.00 30.32 245.67
301.00 30.37 244.65
301.00 30.23 243.88
301.00 29.94 243.05
301.00 29.41 242.00
301.00 28.81 241.19
301.00 28.01 240.27
301.00 26.68 239.21
301.00 25.52 238.41
301.00 24.28 237.84
301.00 22.76 237.35
301.00 21.26 236.88
301.00 19.57 236.20
301.00 17.77 235.83
301.00 16.19 235.50
301.00 14.67 235.28
301.00 12.73 235.01
301.00 11.04 234.85
301.00 9.55 235.04
301.00 8.41 235.41
301.00 7.21 235.78
301.00 6.13 236.14
301.00 5.22 236.59
301.00 4.48 236.97
301.00 3.84 237.75
301.00 3.40 238.31
301.00 2.80 238.86
301.00 2.25 239.34
301.00 1.73 240.12
301.00 1.35 241.21
301.00 1.17 241.89
301.00 1.30 242.83
301.00 1.75 244.18
301.00 2.39 245.50
301.00 3.15 246.83
301.00 4.15 248.12
301.00 5.12 248.71
301.00 6.22 248.99
301.00 6.97 249.32
301.00 8.10 249.89
301.00 9.41 250.62
301.00 10.71 251.34
301.00 11.83 252.07
301.00 12.97 252.92
301.00 14.07 253.54
301.00 14.99 254.01
301.00 15.83 254.61
301.00 16.61 255.47
301.00 17.18 256.08
301.00 17.70 256.85
301.00 18.10 257.53
301.00 18.43 258.19
301.00 18.70 258.84
301.00 18.90 259.43
301.00 19.05 260.06
301.00 19.03 260.82
301.00 18.91 261.58
301.00 18.65 262.62
301.00 17.59 264.58
301.00 17.32 265.13
301.00 16.85 265.87
301.00 16.22 266.62
301.00 15.65 267.36
301.00 14.99 268.23
301.00 14.51 268.92
301.00 13.55 269.86
301.00 12.51 270.70
301.00 11.71 271.31
301.00 11.14 272.43
301.00 10.58 273.42
301.00 10.20 274.08
301.00 9.74 274.54
301.00 9.32 274.94
301.00 9.00 275.23
301.00 8.76 275.68
301.00 8.57 276.02
301.00 8.43 276.29
301.00 8.25 276.57
301.00 8.11 276.82
301.00 7.98 277.03
301.00 7.87 277.20
301.00 7.77 277.35
301.00 7.66 277.47
301.00 7.55 277.53
301.00 7.42 277.56
301.00 7.28 277.58
301.00 7.17 277.64
301.00 7.04 277.66
301.00 6.93 277.64
301.00 6.84 277.64
301.00 6.75 277.62
301.00 6.68 277.60
301.00 6.61 277.58
301.00 6.52 277.50
301.00 6.44 277.39
301.00 6.38 277.31
301.00 6.30 277.19
301.00 6.19 277.01
301.00 6.13 276.91
301.00 6.09 276.81
301.00 6.01 276.64
301.00 5.94 276.43
301.00 5.93 276.34
301.00 5.92 276.27
301.00 5.91 276.19
301.00 5.94 276.17
