1081.00 10.68 264.85
1081.00 10.36 264.40
1081.00 10.45 264.61
1081.00 10.53 264.81
1081.00 10.59 264.95
1081.00 10.65 265.08
1081.00 10.81 265.28
1081.00 11.02 265.56
1081.00 11.28 265.83
1081.00 11.60 266.19
1081.00 11.89 266.59
1081.00 12.03 266.80
1081.00 12.21 266.96
1081.00 12.48 267.27
1081.00 12.69 267.50
1081.00 12.92 267.71
1081.00 12.98 267.69
1081.00 13.09 267.76
1081.00 13.12 267.56
1081.00 13.19 267.48
1081.00 13.29 267.45
1081.00 13.37 267.49
1081.00 13.38 267.39
1081.00 13.35 267.19
1081.00 13.50 267.27
1081.00 13.65 267.37
1081.00 13.71 267.20
1081.00 13.70 266.90
1081.00 13.67 266.65
1081.00 13.79 266.68
1081.00 14.23 267.27
1081.00 14.54 267.81
1081.00 14.67 268.22
1081.00 14.84 268.69
1081.00 14.83 269.03
1081.00 14.44 269.65
1081.00 13.54 270.41
1081.00 11.85 270.95
1081.00 9.55 271.42
1081.00 6.93 271.44
1081.00 4.27 271.27
1081.00 1.16 270.08
1081.00 -3.06 267.67
1081.00 -6.51 266.14
1081.00 -10.09 265.58
1081.00 -13.90 264.77
1081.00 -18.46 262.53
1081.00 -22.97 259.35
1081.00 -26.40 256.48
1081.00 -28.65 253.00
1081.00 -30.35 250.35
1081.00 -32.26 248.05
1081.00 -33.66 245.74
1081.00 -34.09 241.89
1081.00 -33.49 238.47
1081.00 -30.97 233.94
1081.00 -27.10 230.63
1081.00 -22.10 227.78
1081.00 -16.11 224.52
1081.00 -9.78 221.82
1081.00 -3.51 219.22
1081.00 2.52 217.33
1081.00 7.85 215.02
1081.00 13.40 212.08
1081.00 18.25 209.39
1081.00 22.84 206.69
1081.00 26.88 203.41
1081.00 30.84 200.29
1081.00 34.22 197.21
1081.00 36.79 194.55
1081.00 38.42 191.16
1081.00 39.51 188.28
1081.00 40.21 184.91
1081.00 40.48 180.80
1081.00 40.25 177.29
1081.00 39.50 173.83
1081.00 38.01 171.71
1081.00 36.07 166.91
1081.00 33.68 161.73
1081.00 31.31 158.01
1081.00 28.73 152.73
1081.00 25.25 148.43
1081.00 20.85 144.00
1081.00 16.58 139.35
1081.00 11.52 136.20
1081.00 6.95 134.01
1081.00 2.86 133.01
1081.00 -0.96 132.48
1081.00 -4.13 132.81
1081.00 -6.94 134.28
1081.00 -9.48 135.91
1081.00 -11.09 136.80
1081.00 -12.73 137.80
1081.00 -14.70 139.81
1081.00 -16.14 142.16
1081.00 -16.90 143.58
1081.00 -16.73 145.44
1081.00 -16.32 148.11
1081.00 -15.44 150.86
1081.00 -14.03 155.48
1081.00 -12.22 159.33
1081.00 -10.68 163.29
1081.00 -8.85 167.55
1081.00 -7.32 171.69
1081.00 -5.23 175.81
1081.00 -3.18 179.87
1081.00 -0.85 183.54
1081.00 2.19 186.24
1081.00 4.92 189.25
1081.00 7.97 192.34
1081.00 10.97 195.28
1081.00 13.92 198.51
1081.00 16.23 201.43
1081.00 18.58 205.04
1081.00 20.29 207.99
1081.00 21.20 210.37
1081.00 21.93 213.48
1081.00 22.19 216.72
1081.00 22.35 221.12
1081.00 22.49 225.30
1081.00 22.24 229.70
1081.00 21.72 234.31
1081.00 21.05 237.52
1081.00 19.64 240.88
1081.00 17.75 244.30
1081.00 15.83 247.85
1081.00 13.92 251.84
1081.00 11.59 254.54
1081.00 8.53 256.62
1081.00 6.11 257.87
1081.00 3.51 259.26
1081.00 1.08 260.85
1081.00 -1.24 261.97
1081.00 -3.63 262.65
1081.00 -5.88 262.93
1081.00 -7.93 263.18
1081.00 -10.21 263.58
1081.00 -13.13 262.69
1081.00 -15.93 261.67
1081.00 -18.88 259.91
1081.00 -21.30 258.44
1081.00 -23.73 256.89
1081.00 -25.61 255.52
1081.00 -27.26 254.38
1081.00 -28.08 253.74
1081.00 -28.62 253.22
1081.00 -29.33 251.62
1081.00 -29.49 250.33
1081.00 -29.07 249.02
1081.00 -28.42 247.94
1081.00 -27.62 246.49
1081.00 -26.36 244.54
1081.00 -25.59 243.30
1081.00 -24.60 241.37
1081.00 -23.47 239.14
1081.00 -22.18 236.77
1081.00 -20.98 235.61
1081.00 -19.44 234.83
1081.00 -17.78 234.49
1081.00 -15.98 233.77
1081.00 -14.86 232.89
1081.00 -14.22 231.91
1081.00 -13.41 231.05
1081.00 -12.69 229.90
1081.00 -12.14 229.59
1081.00 -11.67 229.29
1081.00 -11.08 228.78
1081.00 -10.69 228.25
1081.00 -10.41 227.76
1081.00 -10.12 227.42
1081.00 -9.71 227.22
1081.00 -9.19 227.25
1081.00 -8.78 227.36
1081.00 -8.43 227.34
1081.00 -8.08 227.25
1081.00 -7.87 227.13
1081.00 -7.66 227.12
