1771.00 -2.26 287.55
1771.00 -2.25 287.52
1771.00 -2.25 287.47
1771.00 -2.26 287.43
1771.00 -2.27 287.39
1771.00 -2.27 287.35
1771.00 -2.28 287.30
1771.00 -2.27 287.26
1771.00 -2.27 287.24
1771.00 -2.27 287.21
1771.00 -2.26 287.19
1771.00 -2.26 287.17
1771.00 -2.27 287.15
1771.00 -2.27 287.14
1771.00 -2.26 287.12
1771.00 -2.25 287.10
1771.00 -2.24 287.06
1771.00 -2.23 287.04
1771.00 -2.22 287.04
1771.00 -2.22 287.04
1771.00 -2.21 287.05
1771.00 -2.21 287.05
1771.00 -2.20 287.05
1771.00 -2.20 287.05
1771.00 -2.20 287.06
1771.00 -2.20 287.06
1771.00 -2.20 287.07
1771.00 -2.22 287.06
1771.00 -2.22 287.06
1771.00 -2.21 287.05
1771.00 -2.21 287.04
1771.00 -2.21 287.03
1771.00 -2.21 287.02
1771.00 -2.21 287.00
1771.00 -2.21 286.99
1771.00 -2.21 286.97
1771.00 -2.22 286.96
1771.00 -2.22 286.95
1771.00 -2.22 286.94
1771.00 -2.23 286.93
1771.00 -2.23 286.92
1771.00 -2.24 286.91
1771.00 -2.24 286.91
1771.00 -2.24 286.90
1771.00 -2.25 286.90
1771.00 -2.25 286.90
1771.00 -2.27 286.90
1771.00 -2.29 286.90
1771.00 -2.33 286.93
1771.00 -2.36 286.96
1771.00 -2.44 287.07
1771.00 -2.57 287.21
1771.00 -2.76 287.46
1771.00 -2.98 287.73
1771.00 -3.19 288.01
1771.00 -3.52 288.50
1771.00 -4.01 288.93
1771.00 -4.59 289.46
1771.00 -5.23 290.25
1771.00 -5.85 290.84
1771.00 -6.64 291.73
1771.00 -7.49 292.46
1771.00 -8.43 293.22
1771.00 -9.54 294.02
1771.00 -10.79 294.88
1771.00 -12.23 295.82
1771.00 -13.74 296.63
1771.00 -15.26 297.44
1771.00 -16.95 298.38
1771.00 -18.62 299.01
1771.00 -20.23 299.77
1771.00 -22.05 300.30
1771.00 -23.81 301.10
1771.00 -25.63 301.41
1771.00 -27.34 301.64
1771.00 -29.19 301.74
1771.00 -31.11 302.03
1771.00 -32.92 302.40
1771.00 -34.65 302.85
1771.00 -36.38 303.04
1771.00 -38.12 303.17
1771.00 -39.91 303.37
1771.00 -41.65 303.43
1771.00 -43.38 303.43
1771.00 -45.36 303.69
1771.00 -47.23 303.69
1771.00 -49.04 303.53
1771.00 -50.79 303.12
1771.00 -52.39 302.21
1771.00 -53.96 301.29
1771.00 -55.45 300.31
1771.00 -56.83 299.09
1771.00 -57.99 297.72
1771.00 -59.17 296.42
1771.00 -60.49 294.78
1771.00 -61.69 293.16
1771.00 -62.70 291.56
1771.00 -63.51 289.67
1771.00 -64.49 288.35
1771.00 -65.20 286.36
1771.00 -65.77 284.73
1771.00 -66.18 283.00
1771.00 -66.70 281.39
1771.00 -67.15 279.74
1771.00 -67.35 277.50
1771.00 -67.56 275.88
1771.00 -67.69 274.38
1771.00 -67.64 272.82
1771.00 -67.46 271.23
1771.00 -67.15 269.58
1771.00 -66.88 268.00
1771.00 -66.12 265.92
1771.00 -65.45 263.99
1771.00 -64.74 262.55
1771.00 -63.86 260.71
1771.00 -62.61 258.79
1771.00 -61.33 257.13
1771.00 -59.84 255.44
1771.00 -58.16 253.85
1771.00 -56.51 252.41
1771.00 -54.97 250.86
1771.00 -53.23 249.54
1771.00 -51.44 248.33
1771.00 -49.73 247.07
1771.00 -47.78 245.69
1771.00 -45.67 244.53
1771.00 -43.42 243.12
1771.00 -41.39 242.07
1771.00 -39.54 241.23
1771.00 -37.87 240.39
1771.00 -36.00 239.13
1771.00 -34.00 237.93
1771.00 -31.86 236.71
1771.00 -29.81 235.75
1771.00 -27.71 234.75
1771.00 -25.59 233.66
1771.00 -23.70 232.76
1771.00 -21.84 231.98
1771.00 -19.85 231.25
1771.00 -17.78 230.60
1771.00 -15.80 229.88
1771.00 -14.03 229.11
1771.00 -12.49 228.45
1771.00 -10.98 227.67
1771.00 -9.28 226.69
1771.00 -7.62 225.75
1771.00 -5.95 224.71
1771.00 -4.51 223.80
1771.00 -3.08 222.58
1771.00 -1.96 221.44
1771.00 -0.72 220.27
1771.00 0.11 219.27
1771.00 2.35 215.45
1771.00 2.96 214.32
1771.00 3.63 212.59
1771.00 4.16 211.11
1771.00 4.85 209.29
1771.00 5.34 207.67
1771.00 5.76 205.99
1771.00 6.25 204.28
1771.00 6.58 202.77
1771.00 6.57 201.44
1771.00 6.53 199.97
1771.00 6.55 198.30
1771.00 6.25 196.63
1771.00 6.10 194.80
1771.00 6.04 193.29
1771.00 6.22 192.17
1771.00 6.75 190.74
1771.00 7.32 188.82
1771.00 7.39 187.30
1771.00 7.23 186.17
1771.00 6.92 184.91
1771.00 6.39 183.60
1771.00 5.68 182.42
1771.00 5.10 181.48
1771.00 4.28 180.58
1771.00 3.15 179.28
1771.00 1.81 178.06
1771.00 -0.19 177.37
1771.00 -1.52 176.81
1771.00 -2.91 176.49
1771.00 -4.32 176.08
1771.00 -5.62 175.65
1771.00 -6.92 175.28
1771.00 -8.67 174.90
1771.00 -11.53 174.47
1771.00 -13.23 174.48
1771.00 -14.69 174.26
1771.00 -16.09 174.21
1771.00 -17.63 174.28
1771.00 -19.25 174.31
1771.00 -21.08 174.55
1771.00 -23.04 175.05
1771.00 -25.27 175.47
1771.00 -27.02 176.06
1771.00 -28.34 176.41
1771.00 -29.46 176.52
1771.00 -31.34 176.82
1771.00 -33.12 177.20
1771.00 -35.05 177.77
1771.00 -36.83 178.34
1771.00 -38.89 178.89
1771.00 -40.64 179.59
1771.00 -42.27 180.24
1771.00 -43.85 180.99
1771.00 -45.49 181.47
1771.00 -46.82 182.35
1771.00 -48.29 183.24
1771.00 -49.52 184.34
1771.00 -50.80 185.29
1771.00 -52.08 185.97
1771.00 -53.30 186.78
1771.00 -55.12 187.89
1771.00 -56.55 189.10
1771.00 -57.33 190.01
1771.00 -58.21 190.73
1771.00 -59.12 191.45
1771.00 -60.25 192.40
1771.00 -61.02 193.41
1771.00 -61.95 194.19
1771.00 -62.65 194.75
1771.00 -63.28 195.59
1771.00 -63.87 196.72
1771.00 -64.28 197.91
1771.00 -64.58 198.94
1771.00 -64.84 200.18
1771.00 -65.11 201.62
1771.00 -65.00 203.30
1771.00 -64.78 205.01
1771.00 -64.64 205.86
1771.00 -64.45 207.17
1771.00 -64.36 208.38
1771.00 -64.09 209.63
1771.00 -63.68 210.79
1771.00 -63.21 212.09
1771.00 -62.92 213.26
1771.00 -62.39 214.26
1771.00 -61.82 215.41
1771.00 -61.09 216.78
1771.00 -60.07 217.67
1771.00 -59.11 218.96
1771.00 -58.03 220.57
1771.00 -56.96 221.54
1771.00 -55.83 222.53
1771.00 -54.69 223.40
1771.00 -53.36 224.25
1771.00 -52.29 225.27
1771.00 -51.15 225.86
1771.00 -49.94 226.56
1771.00 -48.46 227.47
1771.00 -46.89 228.75
1771.00 -45.24 229.64
1771.00 -43.93 230.43
1771.00 -42.61 231.40
1771.00 -41.24 232.35
1771.00 -39.72 233.37
1771.00 -38.16 234.18
1771.00 -36.95 234.77
1771.00 -35.87 235.23
1771.00 -34.77 235.67
1771.00 -33.51 236.30
1771.00 -32.31 236.87
1771.00 -30.90 237.60
1771.00 -29.58 238.38
1771.00 -28.42 238.84
1771.00 -27.22 239.71
1771.00 -25.77 240.49
1771.00 -24.70 241.55
1771.00 -23.59 242.37
1771.00 -22.19 243.43
1771.00 -20.91 244.64
1771.00 -19.85 245.72
1771.00 -18.72 246.80
1771.00 -17.85 247.80
1771.00 -17.00 248.75
1771.00 -15.99 249.87
1771.00 -13.56 252.17
1771.00 -12.86 253.05
1771.00 -12.15 254.00
1771.00 -11.45 255.14
1771.00 -10.77 256.00
1771.00 -10.26 256.84
1771.00 -9.63 257.68
1771.00 -9.29 258.29
1771.00 -8.88 259.10
1771.00 -8.53 259.77
1771.00 -8.28 260.24
1771.00 -8.06 260.68
1771.00 -7.88 261.19
1771.00 -7.74 261.69
1771.00 -7.64 262.14
1771.00 -7.69 262.78
1771.00 -7.83 263.81
1771.00 -8.05 264.61
1771.00 -8.16 265.49
1771.00 -8.33 266.44
1771.00 -8.67 267.29
1771.00 -9.15 268.28
1771.00 -9.46 269.26
1771.00 -9.95 270.41
1771.00 -10.24 271.28
1771.00 -10.38 271.92
1771.00 -10.69 272.76
1771.00 -11.17 273.47
1771.00 -11.64 274.22
1771.00 -12.08 274.92
1771.00 -12.91 275.81
1771.00 -13.42 276.57
1771.00 -13.89 277.22
1771.00 -14.42 278.00
1771.00 -15.21 278.65
1771.00 -15.69 279.26
1771.00 -16.18 279.96
1771.00 -16.88 280.28
1771.00 -17.54 280.93
1771.00 -18.14 281.48
1771.00 -18.88 282.04
1771.00 -19.51 282.27
1771.00 -20.10 282.49
1771.00 -20.69 282.76
1771.00 -21.33 282.97
1771.00 -21.91 283.16
1771.00 -22.34 283.35
1771.00 -22.97 283.31
1771.00 -23.74 283.27
1771.00 -24.52 283.31
1771.00 -25.19 283.51
1771.00 -25.77 283.76
1771.00 -26.32 283.84
1771.00 -26.71 283.97
1771.00 -27.00 284.08
1771.00 -27.22 284.11
1771.00 -27.37 284.11
1771.00 -27.58 284.10
1771.00 -27.86 284.08
1771.00 -28.09 284.08
1771.00 -28.23 284.09
1771.00 -28.30 284.05
