711.00 -37.55 276.90
711.00 -37.50 276.89
711.00 -37.43 276.75
711.00 -37.32 276.48
711.00 -37.16 276.26
711.00 -37.06 276.09
711.00 -37.04 275.92
711.00 -36.90 275.84
711.00 -36.85 275.53
711.00 -36.79 275.35
711.00 -36.79 275.39
711.00 -36.75 275.42
711.00 -36.68 275.46
711.00 -36.64 275.45
711.00 -36.62 275.42
711.00 -36.60 275.40
711.00 -36.39 275.43
711.00 -36.25 275.45
711.00 -36.18 275.45
711.00 -36.11 275.45
711.00 -36.01 275.46
711.00 -35.95 275.46
711.00 -35.91 275.34
711.00 -35.88 275.21
711.00 -35.87 274.92
711.00 -35.83 274.76
711.00 -35.79 274.59
711.00 -35.72 274.52
711.00 -35.77 274.43
711.00 -35.79 274.31
711.00 -35.82 274.12
711.00 -35.83 273.79
711.00 -35.75 273.34
711.00 -35.72 272.93
711.00 -35.71 272.58
711.00 -35.70 272.31
711.00 -35.74 272.06
711.00 -35.78 271.80
711.00 -35.79 271.62
711.00 -35.75 271.59
711.00 -35.67 271.51
711.00 -35.48 271.43
711.00 -35.31 271.34
711.00 -35.09 271.31
711.00 -34.93 271.32
711.00 -34.72 271.45
711.00 -34.12 271.58
711.00 -33.52 271.99
711.00 -32.97 272.09
711.00 -32.45 272.04
711.00 -31.74 272.15
711.00 -31.03 272.17
711.00 -30.21 272.21
711.00 -29.27 272.26
711.00 -28.31 272.41
711.00 -27.49 272.51
711.00 -26.58 272.72
711.00 -25.74 273.01
711.00 -25.11 273.61
711.00 -24.73 274.09
711.00 -24.71 274.62
711.00 -25.08 275.82
711.00 -25.87 276.88
711.00 -26.86 277.85
711.00 -28.33 279.04
711.00 -30.16 280.71
711.00 -32.40 282.85
711.00 -35.13 284.74
711.00 -37.47 286.68
711.00 -40.33 289.19
711.00 -43.55 291.28
711.00 -46.89 293.72
711.00 -50.38 295.76
711.00 -54.06 297.28
711.00 -57.67 299.53
711.00 -60.96 301.66
711.00 -63.78 301.90
711.00 -67.07 302.24
711.00 -69.75 303.28
711.00 -72.05 303.44
711.00 -73.88 303.52
711.00 -75.40 302.92
711.00 -76.71 302.18
711.00 -77.63 301.30
711.00 -78.41 300.16
711.00 -79.21 297.45
711.00 -79.57 295.08
711.00 -80.21 292.33
711.00 -80.13 289.97
711.00 -79.93 287.63
711.00 -79.04 285.06
711.00 -78.72 282.74
711.00 -77.47 279.25
711.00 -75.52 275.93
711.00 -73.58 273.17
711.00 -71.16 269.89
711.00 -68.90 267.09
711.00 -66.28 264.70
711.00 -63.25 261.21
711.00 -60.50 258.22
711.00 -57.80 256.37
711.00 -54.82 254.85
711.00 -51.92 253.55
711.00 -49.23 252.72
711.00 -46.74 251.54
711.00 -44.15 250.55
711.00 -41.15 249.68
711.00 -38.72 249.44
711.00 -36.36 249.78
711.00 -34.08 251.36
711.00 -32.01 252.70
711.00 -30.08 253.80
711.00 -28.21 255.83
711.00 -26.43 257.45
711.00 -24.72 259.45
711.00 -23.42 261.73
711.00 -22.66 264.53
711.00 -22.01 266.74
711.00 -21.61 268.40
711.00 -21.45 269.80
711.00 -21.62 271.88
711.00 -21.89 274.26
711.00 -22.16 275.92
711.00 -22.47 276.94
711.00 -22.89 277.75
711.00 -23.32 278.08
711.00 -23.76 277.88
711.00 -24.33 276.76
711.00 -24.86 275.50
711.00 -25.26 274.79
711.00 -25.57 273.91
711.00 -25.80 272.65
711.00 -26.19 270.18
711.00 -26.74 267.91
711.00 -26.75 264.79
711.00 -26.65 261.47
711.00 -26.36 258.16
711.00 -26.58 254.01
711.00 -25.61 250.42
711.00 -24.78 246.59
711.00 -23.92 243.00
711.00 -23.54 239.13
711.00 -23.76 235.65
711.00 -23.37 232.23
711.00 -24.14 227.19
711.00 -24.26 223.28
711.00 -24.77 218.81
711.00 -25.15 215.66
711.00 -25.92 211.88
711.00 -25.62 209.34
711.00 -24.83 207.88
711.00 -24.24 206.25
711.00 -24.24 204.95
711.00 -24.14 203.13
711.00 -23.79 201.03
711.00 -23.61 199.20
711.00 -23.45 197.92
711.00 -23.17 196.32
711.00 -22.68 195.03
711.00 -22.75 193.96
711.00 -22.85 193.25
711.00 -22.89 192.69
711.00 -22.86 192.09
711.00 -22.79 191.78
711.00 -22.96 191.48
711.00 -23.09 191.16
711.00 -24.00 191.01
711.00 -23.99 190.93
711.00 -23.75 190.60
711.00 -24.06 190.72
711.00 -24.01 190.96
711.00 -24.66 191.60
711.00 -25.09 192.34
711.00 -25.44 192.95
711.00 -26.37 193.23
711.00 -26.26 193.72
711.00 -25.93 193.57
711.00 -25.53 193.67
711.00 -25.10 194.23
711.00 -24.91 194.62
711.00 -24.81 194.89
711.00 -24.76 195.09
711.00 -24.68 195.27
711.00 -24.60 195.37
711.00 -24.61 195.38
711.00 -24.63 195.29
711.00 -24.68 195.23
711.00 -24.66 195.30
711.00 -24.77 195.45
711.00 -24.72 195.76
711.00 -24.74 196.04
