2461.00 8.87 306.99
2461.00 9.38 307.12
2461.00 9.76 307.25
2461.00 10.21 307.43
2461.00 10.59 307.56
2461.00 11.13 307.59
2461.00 11.61 307.65
2461.00 12.08 307.74
2461.00 12.46 307.79
2461.00 12.79 307.81
2461.00 13.10 307.86
2461.00 13.51 308.12
2461.00 13.87 308.28
2461.00 14.09 308.35
2461.00 14.31 308.45
2461.00 14.54 308.55
2461.00 14.80 308.68
2461.00 15.15 308.91
2461.00 15.45 309.14
2461.00 15.67 309.26
2461.00 15.84 309.34
2461.00 15.99 309.41
2461.00 16.13 309.45
2461.00 16.27 309.51
2461.00 16.43 309.79
2461.00 16.63 310.05
2461.00 16.93 310.30
2461.00 17.14 310.47
2461.00 17.33 310.62
2461.00 17.69 310.73
2461.00 18.20 310.79
2461.00 18.85 310.75
2461.00 19.70 310.70
2461.00 20.55 310.48
2461.00 21.51 309.62
2461.00 22.68 308.65
2461.00 23.93 307.17
2461.00 24.66 305.86
2461.00 25.27 305.41
2461.00 25.97 305.36
2461.00 26.60 305.48
2461.00 27.21 305.74
2461.00 27.79 306.10
2461.00 28.54 306.62
2461.00 29.42 307.38
2461.00 30.20 307.88
2461.00 30.92 308.45
2461.00 31.68 309.49
2461.00 32.00 310.54
2461.00 31.90 310.95
2461.00 31.75 311.33
2461.00 31.62 311.67
2461.00 31.55 312.01
2461.00 31.24 312.54
2461.00 30.85 313.77
2461.00 29.91 315.02
2461.00 29.14 317.14
2461.00 28.16 318.47
2461.00 27.14 319.73
2461.00 26.27 320.90
2461.00 25.42 321.98
2461.00 24.52 322.61
2461.00 22.89 323.56
2461.00 20.90 324.68
2461.00 17.78 327.18
2461.00 15.00 329.23
2461.00 12.30 330.80
2461.00 9.81 331.18
2461.00 7.61 330.44
2461.00 5.58 328.64
2461.00 4.28 326.68
2461.00 2.83 324.06
2461.00 1.58 320.32
2461.00 0.50 314.87
2461.00 0.16 308.33
2461.00 0.80 303.42
2461.00 2.10 299.90
2461.00 4.02 297.36
2461.00 6.33 295.63
2461.00 9.19 294.41
2461.00 12.11 293.84
2461.00 15.12 293.09
2461.00 17.89 293.02
2461.00 20.45 294.14
2461.00 23.05 296.18
2461.00 24.59 298.02
2461.00 25.74 300.32
2461.00 26.40 303.25
2461.00 26.51 305.29
2461.00 26.53 307.72
2461.00 26.43 309.35
2461.00 26.36 311.57
2461.00 26.26 313.48
2461.00 26.02 314.94
2461.00 25.93 315.30
2461.00 25.93 315.61
2461.00 25.89 315.65
2461.00 25.61 315.12
2461.00 25.44 314.35
2461.00 25.15 312.93
2461.00 24.62 310.47
2461.00 23.45 304.37
2461.00 21.61 295.74
2461.00 19.22 286.48
2461.00 17.08 278.42
2461.00 15.25 272.32
2461.00 14.24 267.41
2461.00 13.76 263.35
2461.00 13.56 260.03
2461.00 13.40 257.00
2461.00 13.47 254.80
2461.00 14.42 253.14
2461.00 15.06 252.08
2461.00 15.50 251.32
2461.00 15.84 250.74
2461.00 15.89 250.59
2461.00 15.96 250.56
2461.00 16.02 250.47
2461.00 16.04 250.55
2461.00 15.99 250.33
2461.00 15.79 250.26
2461.00 15.66 250.33
2461.00 15.50 250.41
2461.00 15.52 250.73
2461.00 15.49 250.45
2461.00 15.54 250.14
2461.00 15.54 249.94
2461.00 15.47 249.76
2461.00 15.43 249.67
2461.00 15.40 249.62
2461.00 15.41 249.59
2461.00 15.46 249.59
2461.00 15.52 249.60
2461.00 15.59 249.63
2461.00 15.66 249.66
2461.00 15.72 249.68
2461.00 15.79 249.73
2461.00 15.85 249.81
2461.00 15.93 249.91
2461.00 16.03 250.02
2461.00 16.11 250.16
2461.00 16.21 250.30
2461.00 16.29 250.43
2461.00 16.35 250.51
2461.00 16.40 250.52
2461.00 16.40 250.45
2461.00 16.33 250.19
2461.00 16.25 249.99
2461.00 16.23 249.80
2461.00 16.20 249.66
2461.00 16.11 249.47
2461.00 16.06 249.29
2461.00 16.00 249.14
2461.00 15.95 249.03
2461.00 15.88 248.94
