1081.00 21.97 242.77
1081.00 21.93 242.86
1081.00 21.90 242.85
1081.00 21.78 242.79
1081.00 21.59 242.57
1081.00 21.45 242.49
1081.00 21.42 242.50
1081.00 21.30 242.33
1081.00 21.17 242.17
1081.00 21.06 242.06
1081.00 20.95 241.92
1081.00 20.88 241.95
1081.00 20.86 242.01
1081.00 20.78 241.97
1081.00 20.74 241.98
1081.00 20.73 242.13
1081.00 20.82 242.34
1081.00 20.94 242.60
1081.00 20.96 242.75
1081.00 20.94 242.85
1081.00 20.93 242.90
1081.00 20.96 243.05
1081.00 20.99 243.17
1081.00 21.04 243.51
1081.00 21.07 243.78
1081.00 21.09 243.93
1081.00 21.09 244.01
1081.00 21.11 244.05
1081.00 21.10 244.08
1081.00 21.04 244.10
1081.00 20.87 244.08
1081.00 20.84 244.04
1081.00 20.82 243.97
1081.00 20.82 243.96
1081.00 20.82 243.96
1081.00 20.83 243.91
1081.00 20.83 243.87
1081.00 20.86 243.82
1081.00 20.98 243.83
1081.00 21.15 243.86
1081.00 21.36 243.98
1081.00 21.14 243.63
1081.00 21.61 244.05
1081.00 22.19 244.22
1081.00 23.19 245.89
1081.00 23.87 247.20
1081.00 24.59 248.94
1081.00 25.02 250.64
1081.00 25.99 255.52
1081.00 27.00 258.09
1081.00 28.03 262.07
1081.00 28.71 265.69
1081.00 28.88 270.26
1081.00 29.05 274.16
1081.00 27.69 280.09
1081.00 25.79 286.17
1081.00 23.60 290.58
1081.00 21.50 293.95
1081.00 18.52 297.19
1081.00 15.82 299.75
1081.00 12.56 301.04
1081.00 8.26 301.48
1081.00 3.72 301.69
1081.00 -0.95 299.91
1081.00 -6.39 297.05
1081.00 -11.49 293.88
1081.00 -17.38 289.85
1081.00 -22.21 284.62
1081.00 -25.35 278.29
1081.00 -27.56 270.28
1081.00 -27.51 262.93
1081.00 -26.47 259.02
1081.00 -24.43 255.81
1081.00 -20.77 252.98
1081.00 -16.34 251.16
1081.00 -10.97 250.36
1081.00 -4.94 250.10
1081.00 1.13 250.34
1081.00 5.74 250.09
1081.00 11.67 251.09
1081.00 17.36 252.32
1081.00 22.38 254.43
1081.00 26.97 257.56
1081.00 31.09 260.38
1081.00 34.68 263.34
1081.00 36.87 265.17
1081.00 38.40 267.00
1081.00 39.80 269.09
1081.00 41.09 270.97
1081.00 41.94 273.10
1081.00 42.43 274.94
1081.00 42.76 276.46
1081.00 42.73 277.52
1081.00 42.60 278.12
1081.00 41.25 277.27
1081.00 39.88 276.47
1081.00 38.60 275.15
1081.00 36.65 273.49
1081.00 33.81 268.47
1081.00 31.04 261.55
1081.00 27.81 253.09
1081.00 24.05 243.13
1081.00 21.01 232.13
1081.00 18.47 220.27
1081.00 15.93 208.37
1081.00 14.05 196.96
1081.00 12.99 186.03
1081.00 12.54 177.57
1081.00 13.12 172.43
1081.00 13.53 167.43
1081.00 13.64 164.88
1081.00 13.99 162.32
1081.00 14.23 160.01
1081.00 14.53 158.06
1081.00 15.18 156.38
1081.00 15.82 155.09
1081.00 16.39 154.27
1081.00 16.84 154.18
1081.00 17.12 154.54
1081.00 17.30 154.88
1081.00 17.33 155.01
1081.00 17.39 155.11
1081.00 17.37 155.22
1081.00 17.33 155.46
1081.00 17.26 155.72
1081.00 17.23 156.12
1081.00 17.14 156.80
1081.00 16.87 157.50
1081.00 16.30 158.53
1081.00 16.04 160.00
1081.00 15.67 161.65
1081.00 15.26 163.11
1081.00 15.04 165.03
1081.00 14.89 166.51
1081.00 14.69 168.34
1081.00 14.51 169.79
1081.00 14.23 170.84
1081.00 13.88 171.66
1081.00 13.76 172.63
1081.00 13.74 173.30
1081.00 13.59 174.25
1081.00 13.47 175.03
1081.00 13.39 175.53
1081.00 13.40 176.08
1081.00 13.54 176.85
1081.00 13.64 177.59
