1771.00 -13.79 286.73
1771.00 -13.79 286.74
1771.00 -13.78 286.75
1771.00 -13.78 286.75
1771.00 -13.77 286.74
1771.00 -13.75 286.74
1771.00 -13.74 286.75
1771.00 -13.74 286.76
1771.00 -13.74 286.78
1771.00 -13.75 286.81
1771.00 -13.75 286.83
1771.00 -13.76 286.85
1771.00 -13.77 286.90
1771.00 -13.78 286.94
1771.00 -13.78 286.98
1771.00 -13.78 286.99
1771.00 -13.79 287.00
1771.00 -13.79 287.00
1771.00 -13.79 286.98
1771.00 -13.79 286.97
1771.00 -13.79 286.97
1771.00 -13.80 286.97
1771.00 -13.80 286.96
1771.00 -13.82 286.97
1771.00 -13.85 286.98
1771.00 -13.85 286.99
1771.00 -13.87 287.00
1771.00 -13.87 287.02
1771.00 -13.88 287.06
1771.00 -13.90 287.10
1771.00 -13.92 287.17
1771.00 -13.95 287.27
1771.00 -13.96 287.43
1771.00 -13.99 287.68
1771.00 -13.96 288.04
1771.00 -14.02 289.02
1771.00 -14.27 290.24
1771.00 -14.61 291.45
1771.00 -14.96 292.40
1771.00 -15.42 293.39
1771.00 -15.95 294.29
1771.00 -16.78 295.02
1771.00 -17.75 295.98
1771.00 -18.77 296.87
1771.00 -19.83 297.73
1771.00 -20.85 298.56
1771.00 -22.06 299.10
1771.00 -23.69 299.33
1771.00 -25.01 300.14
1771.00 -26.42 301.05
1771.00 -28.06 301.96
1771.00 -29.44 302.94
1771.00 -30.93 303.64
1771.00 -32.60 304.22
1771.00 -34.28 304.50
1771.00 -35.74 304.96
1771.00 -37.51 304.97
1771.00 -39.19 304.74
1771.00 -40.53 305.29
1771.00 -41.80 305.42
1771.00 -43.05 305.42
1771.00 -44.51 305.30
1771.00 -45.76 305.06
1771.00 -47.14 304.76
1771.00 -48.36 304.27
1771.00 -49.81 303.77
1771.00 -51.11 303.46
1771.00 -52.34 302.97
1771.00 -53.67 301.93
1771.00 -55.08 300.64
1771.00 -56.51 298.77
1771.00 -57.33 297.66
1771.00 -58.09 296.94
1771.00 -58.60 295.98
1771.00 -59.43 295.03
1771.00 -60.05 293.71
1771.00 -60.51 291.97
1771.00 -61.24 290.79
1771.00 -61.76 289.22
1771.00 -62.33 287.52
1771.00 -62.78 286.18
1771.00 -63.00 285.12
1771.00 -63.24 284.24
1771.00 -63.62 282.70
1771.00 -63.89 281.48
1771.00 -63.84 280.04
1771.00 -63.96 279.00
1771.00 -63.66 277.82
1771.00 -63.27 276.27
1771.00 -63.12 275.09
1771.00 -62.97 273.80
1771.00 -62.44 271.92
1771.00 -61.98 270.04
1771.00 -61.40 268.58
1771.00 -60.62 266.99
1771.00 -59.80 264.97
1771.00 -58.89 263.36
1771.00 -57.94 261.56
1771.00 -56.91 260.00
1771.00 -55.54 258.47
1771.00 -54.56 257.11
1771.00 -53.65 255.39
1771.00 -52.47 254.55
1771.00 -51.15 253.50
1771.00 -49.80 252.64
1771.00 -48.73 251.86
1771.00 -47.58 250.91
1771.00 -46.57 250.20
1771.00 -45.17 249.49
1771.00 -43.73 249.07
1771.00 -42.40 248.72
1771.00 -40.98 248.42
1771.00 -39.50 248.28
1771.00 -38.08 247.84
1771.00 -36.50 247.83
1771.00 -34.85 247.28
1771.00 -33.17 247.13
1771.00 -31.49 247.06
1771.00 -29.76 246.95
1771.00 -28.15 246.58
1771.00 -26.75 246.90
1771.00 -25.27 246.96
1771.00 -23.87 247.14
1771.00 -20.55 247.91
1771.00 -19.72 248.00
1771.00 -18.48 248.58
1771.00 -17.13 249.57
1771.00 -15.60 250.61
1771.00 -14.42 251.05
1771.00 -13.41 251.46
1771.00 -12.72 251.79
1771.00 -11.80 252.48
1771.00 -10.79 253.27
1771.00 -10.11 254.00
1771.00 -9.59 254.51
1771.00 -9.12 255.13
1771.00 -8.59 255.81
1771.00 -8.12 256.72
1771.00 -7.70 257.47
1771.00 -7.48 258.35
1771.00 -7.27 259.10
1771.00 -7.04 259.87
1771.00 -6.86 260.59
1771.00 -6.74 261.14
1771.00 -6.59 261.69
1771.00 -6.52 262.47
1771.00 -6.58 263.51
1771.00 -6.60 264.80
1771.00 -6.80 266.18
1771.00 -6.85 267.21
1771.00 -6.94 268.01
1771.00 -7.09 268.69
1771.00 -7.49 269.70
1771.00 -7.91 270.37
1771.00 -8.46 271.51
1771.00 -8.67 272.41
1771.00 -8.90 273.18
1771.00 -9.10 273.93
1771.00 -9.52 275.03
1771.00 -9.92 275.98
1771.00 -10.25 276.62
1771.00 -10.62 277.43
1771.00 -10.86 278.01
1771.00 -11.13 278.58
1771.00 -11.41 279.27
1771.00 -11.60 279.89
1771.00 -11.84 280.34
1771.00 -12.07 280.81
1771.00 -12.21 281.26
1771.00 -12.49 281.95
1771.00 -12.74 282.39
1771.00 -12.95 282.94
1771.00 -13.13 283.40
1771.00 -13.34 283.97
1771.00 -13.49 284.50
1771.00 -13.65 285.01
1771.00 -13.75 285.48
1771.00 -13.86 285.84
1771.00 -13.93 286.14
1771.00 -14.01 286.38
1771.00 -14.06 286.57
1771.00 -14.10 286.73
1771.00 -14.10 286.90
1771.00 -14.10 287.03
1771.00 -14.09 287.07
1771.00 -14.06 287.10
1771.00 -13.98 287.25
1771.00 -13.91 287.12
1771.00 -13.81 286.82
1771.00 -13.74 286.54
1771.00 -13.64 286.27
1771.00 -13.55 286.02
1771.00 -13.36 285.54
1771.00 -13.05 284.96
1771.00 -12.76 284.38
1771.00 -12.50 283.60
1771.00 -12.32 282.88
1771.00 -12.22 281.58
1771.00 -12.12 280.45
1771.00 -12.11 279.39
1771.00 -11.76 278.25
1771.00 -11.24 276.53
1771.00 -11.02 274.99
1771.00 -11.05 273.34
1771.00 -10.87 271.59
1771.00 -10.83 269.76
1771.00 -10.67 267.93
1771.00 -10.61 266.13
1771.00 -10.31 264.04
1771.00 -10.14 261.81
1771.00 -10.09 260.09
1771.00 -10.03 258.71
1771.00 -10.03 256.22
1771.00 -9.87 253.82
1771.00 -9.45 251.54
1771.00 -9.35 249.72
1771.00 -9.28 247.80
1771.00 -9.17 245.57
1771.00 -8.96 243.77
1771.00 -8.95 240.99
1771.00 -9.22 238.48
1771.00 -9.09 235.69
1771.00 -8.76 233.65
1771.00 -8.30 231.47
1771.00 -8.16 229.49
1771.00 -7.94 227.49
1771.00 -7.84 225.46
1771.00 -7.60 223.39
1771.00 -7.35 221.26
1771.00 -7.08 219.43
1771.00 -6.77 217.78
1771.00 -6.57 216.18
1771.00 -6.40 214.32
1771.00 -6.04 212.35
1771.00 -5.93 210.45
1771.00 -5.78 208.89
1771.00 -5.26 207.34
1771.00 -5.02 205.61
1771.00 -5.03 204.14
1771.00 -5.00 202.53
1771.00 -5.03 201.02
1771.00 -4.97 199.81
1771.00 -4.87 198.20
1771.00 -4.88 196.83
1771.00 -4.68 195.32
1771.00 -4.64 193.71
1771.00 -4.59 192.25
1771.00 -4.54 190.97
1771.00 -3.91 187.95
1771.00 -4.07 188.74
1771.00 -3.48 187.28
1771.00 -2.94 184.98
1771.00 -2.96 182.80
1771.00 -3.22 181.17
1771.00 -3.35 179.93
1771.00 -3.37 178.96
1771.00 -3.39 178.10
1771.00 -3.33 177.34
1771.00 -3.32 176.64
1771.00 -3.22 175.99
1771.00 -3.12 175.28
1771.00 -3.13 174.65
1771.00 -3.09 173.98
1771.00 -3.05 173.40
1771.00 -2.99 172.72
1771.00 -2.75 172.02
1771.00 -2.65 171.42
1771.00 -2.56 170.72
1771.00 -2.53 170.07
1771.00 -2.51 169.47
1771.00 -2.50 168.68
1771.00 -2.48 167.89
1771.00 -2.42 167.16
1771.00 -2.32 166.44
1771.00 -2.11 165.82
1771.00 -1.97 165.36
1771.00 -1.86 165.02
1771.00 -1.79 164.69
1771.00 -1.79 164.46
1771.00 -1.83 164.25
1771.00 -1.91 164.08
