2401, -44.035, 249.859, -80.6993
2401, -44.0721, 249.845, -80.6929
2401, -44.1189, 249.87, -80.6897
2401, -44.1565, 249.869, -80.68
2401, -44.1704, 249.831, -80.6657
2401, -44.2051, 249.816, -80.6499
2401, -44.2478, 249.833, -80.6256
2401, -44.2959, 249.856, -80.5969
2401, -44.3366, 249.865, -80.5692
2401, -44.3615, 249.84, -80.5348
2401, -44.3805, 249.822, -80.5041
2401, -44.4184, 249.877, -80.4462
2401, -44.4661, 249.965, -80.3668
2401, -44.5226, 250.056, -80.2784
2401, -44.58, 250.142, -80.1793
2401, -44.6433, 250.217, -80.0853
2401, -44.7353, 250.294, -79.9934
2401, -44.7793, 250.334, -79.9007
2401, -44.8106, 250.344, -79.7943
2401, -44.8398, 250.344, -79.6996
2401, -44.86, 250.37, -79.6041
2401, -44.8691, 250.441, -79.522
2401, -44.8892, 250.559, -79.4616
2401, -44.9114, 250.711, -79.4081
2401, -44.9396, 250.909, -79.3716
2401, -44.9744, 251.097, -79.3461
2401, -45.0262, 251.29, -79.3237
2401, -45.0832, 251.48, -79.3032
2401, -45.2284, 251.594, -79.254
2401, -45.4142, 251.808, -79.1974
2401, -45.6512, 252.231, -79.1693
2401, -46.0378, 252.728, -79.1086
2401, -46.7106, 253.982, -78.8411
2401, -47.4399, 254.998, -78.5058
2401, -48.1451, 255.903, -78.2586
2401, -48.892, 256.828, -78.0379
2401, -49.6697, 257.961, -78.0185
2401, -50.3674, 259.405, -78.0239
2401, -51.1811, 261.48, -78.053
2401, -51.5834, 263.133, -78.1633
2401, -51.9372, 266.283, -78.4993
2401, -51.8208, 268.56, -78.9996
2401, -51.3789, 270.023, -79.5722
2401, -50.5879, 271.208, -80.4131
2401, -49.2931, 272.772, -81.1075
2401, -47.7923, 274.259, -81.8537
2401, -45.6822, 276.92, -82.1721
2401, -43.5075, 278.765, -82.5288
2401, -41.4526, 279.117, -83.7107
2401, -39.0161, 279.671, -84.9544
2401, -36.6792, 280.063, -85.9979
2401, -34.2749, 280.323, -86.8807
2401, -31.4839, 280.79, -87.774
2401, -28.8394, 280.474, -88.7329
2401, -26.2849, 280.149, -89.6298
2401, -23.7339, 278.985, -91.2807
2401, -21.3624, 278.059, -92.2463
2401, -19.246, 277.484, -92.9585
2401, -17.0503, 276.949, -93.532
2401, -14.6824, 276.18, -94.1171
2401, -12.3692, 274.971, -94.678
2401, -10.2187, 273.636, -95.0849
2401, -8.04301, 271.787, -95.4393
2401, -5.98706, 270.434, -95.7491
2401, -3.91733, 268.812, -95.9584
2401, -1.93831, 266.635, -96.2474
2401, -0.235065, 265.138, -96.4572
2401, 1.67734, 262.879, -96.3982
2401, 3.24468, 260.797, -96.3276
2401, 4.57088, 258.486, -96.1023
2401, 5.8997, 255.355, -95.871
2401, 6.82118, 253.3, -95.6311
2401, 7.47691, 251.011, -95.2424
2401, 8.11161, 248.24, -94.6229
2401, 8.8494, 245.555, -93.985
2401, 9.4604, 243.119, -93.0535
2401, 9.7501, 240.88, -92.1209
2401, 9.74432, 238.633, -91.0767
2401, 9.51584, 235.823, -90.0656
2401, 9.2109, 233.567, -89.145
2401, 8.67309, 231.416, -88.1611
2401, 7.88233, 229.42, -87.1805
2401, 6.81368, 227.146, -86.1186
2401, 5.62589, 225.101, -84.9012
2401, 4.05866, 222.921, -83.4205
2401, 2.42029, 221.343, -82.0956
2401, 0.572689, 219.85, -80.8737
2401, -1.81264, 219.195, -79.0301
2401, -6.05255, 216.881, -80.8353
2401, -7.99223, 216.593, -79.3861
2401, -10.3309, 216.029, -77.5625
2401, -12.4039, 214.92, -75.9029
2401, -15.8659, 212.161, -78.1422
2401, -18.6833, 209.187, -78.4443
2401, -19.7339, 208.018, -77.9631
2401, -20.792, 207.115, -77.3821
2401, -22.3565, 206.287, -76.2757
2401, -24.3894, 205.225, -74.8197
2401, -26.3161, 204.071, -73.5113
2401, -28.128, 202.838, -71.9327
2401, -29.9675, 201.754, -70.4948
2401, -31.7108, 200.639, -68.9424
2401, -33.5169, 199.573, -67.3631
2401, -35.0266, 198.175, -65.9185
2401, -36.3473, 196.399, -64.5307
2401, -37.4897, 194.997, -63.3273
2401, -38.6928, 192.903, -62.0736
2401, -39.7476, 191.391, -61.0159
2401, -40.584, 190.249, -60.1037
2401, -41.8643, 187.747, -58.2721
2401, -42.1696, 187.065, -57.7712
2401, -42.4821, 185.65, -56.8065
2401, -42.3344, 184.027, -55.8748
2401, -41.9236, 182.603, -55.1562
2401, -41.3863, 181.534, -54.7478
2401, -40.3995, 180.268, -54.493
2401, -39.4484, 179.324, -54.4223
2401, -38.5388, 178.642, -54.5223
2401, -37.316, 177.925, -54.6866
2401, -35.6541, 177.267, -54.981
2401, -33.9074, 176.55, -55.2576
2401, -32.1909, 175.923, -55.6602
2401, -28.5796, 176.247, -55.8624
2401, -25.0925, 175.894, -56.4759
2401, -22.2373, 175.453, -56.8007
2401, -19.565, 174.897, -57.3739
2401, -16.8384, 174.2, -57.9504
2401, -13.953, 173.546, -58.6373
2401, -11.0697, 173.008, -59.4135
2401, -7.96971, 172.528, -60.2183
2401, -4.6415, 172.169, -61.0828
2401, -1.09944, 171.34, -61.9846
2401, 2.63706, 170.833, -62.8391
2401, 6.18742, 170.13, -63.5847
2401, 9.58891, 170.183, -64.5647
2401, 13.3214, 169.347, -65.3567
2401, 17.4418, 168.043, -66.242
2401, 20.8289, 166.91, -66.58
2401, 23.5899, 166.083, -66.8081
2401, 25.8349, 165.764, -66.9921
2401, 27.7975, 165.415, -67.2706
2401, 29.4263, 165.132, -67.3332
2401, 30.9103, 164.853, -67.2749
2401, 32.1826, 164.574, -67.3528
2401, 33.2603, 164.33, -67.3273
2401, 34.1796, 164.07, -67.3772
2401, 34.8529, 163.916, -67.3632
2401, 35.3692, 163.812, -67.3333
2401, 35.7951, 163.66, -67.4266
2401, 36.0885, 163.595, -67.454
2401, 36.3327, 163.566, -67.5012
2401, 36.4968, 163.582, -67.5568
2401, 36.6351, 163.614, -67.6223
2401, 36.7152, 163.63, -67.6476
2401, 36.7782, 163.658, -67.6926
2401, 36.8237, 163.681, -67.7356
2401, 36.8386, 163.716, -67.7624
2401, 36.8389, 163.753, -67.7854
2401, 36.8286, 163.792, -67.8154
2401, 36.8081, 163.824, -67.836
2401, 36.7824, 163.861, -67.8558
2401, 36.7329, 163.928, -67.8617
2401, 36.6644, 164.008, -67.8636
2401, 36.5832, 164.099, -67.8545
2401, 36.4499, 164.225, -67.8523
2401, 36.3159, 164.385, -67.8777
2401, 36.1624, 164.605, -67.9398
2401, 35.9747, 164.843, -67.9924
2401, 35.7347, 165.085, -68.0448
2401, 35.4692, 165.344, -68.0765
2401, 35.1643, 165.643, -68.1153
2401, 34.7752, 165.919, -68.152
2401, 34.3458, 166.219, -68.1684
2401, 33.8876, 166.619, -68.181
2401, 33.4503, 166.983, -68.1638
2401, 33.0094, 167.318, -68.1204
2401, 32.5775, 167.676, -68.0824
2401, 32.1455, 168.013, -68.0486
2401, 31.6671, 168.357, -67.9906
2401, 31.1242, 168.682, -67.9175
2401, 30.5268, 168.988, -67.7794
2401, 29.832, 169.297, -67.5471
