2401, 21.1791, 261.881, -96.5864
2401, 21.1775, 261.817, -96.5128
2401, 21.1775, 261.766, -96.4487
2401, 21.1794, 261.703, -96.3918
2401, 21.1851, 261.656, -96.35
2401, 21.1882, 261.613, -96.3231
2401, 21.1926, 261.571, -96.2996
2401, 21.1935, 261.538, -96.2811
2401, 21.1979, 261.511, -96.2637
2401, 21.193, 261.478, -96.2482
2401, 21.1907, 261.452, -96.2392
2401, 21.1967, 261.447, -96.2348
2401, 21.1972, 261.44, -96.2315
2401, 21.2016, 261.445, -96.2313
2401, 21.2053, 261.45, -96.2315
2401, 21.2067, 261.453, -96.2316
2401, 21.2088, 261.457, -96.2326
2401, 21.2138, 261.462, -96.2354
2401, 21.2235, 261.476, -96.2414
2401, 21.2278, 261.492, -96.25
2401, 21.2394, 261.516, -96.2602
2401, 21.2557, 261.543, -96.2714
2401, 21.2748, 261.571, -96.2822
2401, 21.296, 261.605, -96.2941
2401, 21.3157, 261.635, -96.3054
2401, 21.3322, 261.66, -96.3147
2401, 21.3494, 261.687, -96.3247
2401, 21.3591, 261.703, -96.3317
2401, 21.3724, 261.718, -96.3381
2401, 21.3825, 261.733, -96.3443
2401, 21.394, 261.749, -96.3503
2401, 21.3944, 261.758, -96.3532
2401, 21.393, 261.763, -96.3553
2401, 21.3809, 261.763, -96.3568
2401, 21.3709, 261.765, -96.3546
2401, 21.3617, 261.769, -96.3529
2401, 21.3414, 261.78, -96.3478
2401, 21.2885, 261.76, -96.333
2401, 21.1307, 261.466, -96.3377
2401, 20.9318, 261.213, -96.3728
2401, 20.7914, 261.124, -96.4
2401, 20.532, 261.079, -96.4232
2401, 19.9742, 261.078, -96.4868
2401, 19.068, 261.127, -96.5905
2401, 17.7598, 261.055, -96.6074
2401, 15.7114, 260.98, -96.5336
2401, 13.0753, 260.887, -96.345
2401, 9.77952, 260.943, -96.2185
2401, 5.73035, 261.148, -95.9478
2401, 1.39367, 261.447, -95.4818
2401, -3.20622, 262.057, -95.0612
2401, -7.94587, 262.834, -94.418
2401, -12.4146, 263.528, -93.6775
2401, -16.9685, 264.387, -92.5193
2401, -21.1243, 265.235, -91.2952
2401, -25.2988, 265.601, -89.9841
2401, -29.0819, 265.859, -88.7985
2401, -32.4384, 265.763, -87.6819
2401, -35.3005, 265.626, -86.7726
2401, -37.4418, 265.657, -86.0905
2401, -39.1243, 265.579, -85.6798
2401, -40.6156, 265.467, -85.473
2401, -41.8935, 264.919, -85.2763
2401, -42.8954, 264.426, -85.0986
2401, -43.7017, 264.028, -85.0167
2401, -44.2648, 263.776, -84.9632
2401, -45.1217, 263.382, -84.8316
2401, -45.3452, 263.263, -84.7933
2401, -45.7207, 262.911, -84.716
2401, -46.1717, 262.157, -84.5878
2401, -46.8156, 260.804, -84.3957
2401, -47.7034, 257.982, -84.594
2401, -48.6746, 255.366, -84.2975
2401, -49.7551, 251.406, -83.579
2401, -50.7924, 246.673, -82.5501
2401, -51.7683, 241.345, -81.205
2401, -52.5332, 236.087, -79.5887
2401, -52.9779, 231.132, -77.6005
2401, -53.297, 226.225, -75.2474
2401, -53.3417, 221.888, -72.8668
2401, -53.3692, 218.155, -70.4629
2401, -53.3514, 215.229, -68.3931
2401, -53.0784, 212.671, -66.481
2401, -52.7829, 210.788, -64.9684
2401, -52.359, 209.434, -63.8591
2401, -51.8136, 208.433, -63.1308
2401, -51.1095, 207.893, -62.9251
2401, -50.2719, 207.981, -63.207
2401, -49.3304, 208.671, -63.9773
2401, -48.2809, 210.037, -65.2798
2401, -46.8338, 212.402, -67.1383
2401, -44.8834, 215.387, -69.4289
2401, -42.449, 218.119, -71.5921
2401, -39.586, 220.732, -73.8403
2401, -35.9744, 223.354, -76.274
2401, -32.0863, 225.567, -78.4307
2401, -27.8399, 227.009, -80.3189
2401, -23.4324, 227.818, -82.0491
2401, -18.6563, 228.442, -83.3887
2401, -13.4167, 228.208, -84.3843
2401, -8.53293, 228.088, -85.2494
2401, -4.09007, 227.547, -85.8251
2401, 0.142662, 226.737, -86.274
2401, 4.26598, 225.181, -86.5676
2401, 8.29374, 222.964, -86.6237
2401, 11.7212, 219.459, -86.6607
2401, 14.8049, 216.47, -86.3773
2401, 17.023, 213.474, -85.574
2401, 19.3456, 208.941, -84.33
2401, 21.6182, 203.306, -82.7549
2401, 23.2696, 197.877, -80.5472
2401, 24.6137, 192.524, -77.9073
2401, 25.6021, 186.562, -75.0692
2401, 26.4089, 181.07, -71.9249
2401, 26.5931, 176.555, -68.9553
2401, 26.4175, 173.517, -66.6124
2401, 25.8094, 169.672, -64.2268
2401, 24.7194, 166.827, -61.8961
2401, 22.9707, 164.615, -59.4868
2401, 20.6571, 162.806, -57.284
2401, 17.8503, 161.255, -55.0544
2401, 13.9992, 159.711, -52.8365
2401, 9.53463, 157.992, -50.6525
2401, 4.84868, 156.448, -48.667
2401, 0.66422, 155.548, -47.1157
2401, -3.62236, 154.574, -45.6767
2401, -7.54882, 153.977, -44.5876
2401, -11.9867, 153.556, -43.9554
2401, -16.5645, 153.661, -44.3705
2401, -21.1337, 154.561, -45.0078
2401, -24.6744, 155.391, -45.1335
2401, -28.3134, 156.506, -45.0053
2401, -31.8341, 157.968, -45.0249
2401, -35.2264, 159.71, -45.0953
2401, -38.4323, 161.514, -45.1632
2401, -41.3235, 163.453, -45.3925
2401, -43.5896, 165.269, -46.1167
2401, -44.8863, 167.1, -46.6692
2401, -45.8998, 168.681, -47.1389
2401, -46.8318, 170.165, -47.6746
2401, -47.4574, 171.355, -48.2707
2401, -47.919, 172.468, -48.9772
2401, -48.2804, 173.306, -49.8382
2401, -48.5242, 173.996, -50.7725
2401, -48.5435, 174.37, -51.6001
2401, -48.5514, 174.704, -52.1832
2401, -48.5187, 174.948, -52.774
2401, -48.3859, 174.981, -53.2871
2401, -48.2469, 174.975, -53.6744
2401, -48.1074, 174.939, -53.9651
2401, -47.8965, 174.714, -54.3775
2401, -47.6852, 174.384, -54.7566
2401, -47.5348, 174.235, -55.1386
2401, -47.3804, 174.075, -55.4716
2401, -47.2161, 173.984, -55.7724
2401, -47.0628, 173.969, -56.0146
2401, -46.9467, 174.019, -56.2572
2401, -46.8568, 174.185, -56.5165
2401, -46.7758, 174.375, -56.7745
2401, -46.7041, 174.559, -57.0083
2401, -46.6526, 174.733, -57.2134
2401, -46.5233, 175.034, -57.4205
2401, -46.3947, 175.315, -57.6136
2401, -46.2209, 175.603, -57.8191
2401, -46.0639, 176.029, -58.0292
2401, -45.9167, 176.392, -58.2439
2401, -45.6898, 177.024, -58.463
2401, -45.4505, 177.57, -58.638
