2401, -47.8508, 266.628, -85.018
2401, -47.8657, 266.709, -85.0629
2401, -47.8743, 266.806, -85.1093
2401, -47.8681, 266.93, -85.1603
2401, -47.8695, 267.05, -85.2029
2401, -47.8711, 267.179, -85.2451
2401, -47.8424, 267.355, -85.289
2401, -47.8179, 267.506, -85.3214
2401, -47.7687, 267.65, -85.3664
2401, -47.7485, 267.771, -85.3832
2401, -47.7332, 267.892, -85.3882
2401, -47.6963, 268.029, -85.4109
2401, -47.6755, 268.151, -85.4253
2401, -47.6739, 268.224, -85.4253
2401, -47.6855, 268.329, -85.3819
2401, -47.7062, 268.372, -85.3353
2401, -47.7296, 268.398, -85.2773
2401, -47.7427, 268.418, -85.2243
2401, -47.7534, 268.431, -85.1774
2401, -47.7583, 268.439, -85.1398
2401, -47.762, 268.438, -85.1096
2401, -47.7735, 268.446, -85.0831
2401, -47.774, 268.454, -85.0663
2401, -47.7731, 268.46, -85.0519
2401, -47.7676, 268.459, -85.0406
2401, -47.7595, 268.466, -85.0308
2401, -47.7397, 268.453, -85.0182
2401, -47.7248, 268.435, -85.0132
2401, -47.5284, 268.981, -84.9043
2401, -47.4553, 268.939, -84.8677
2401, -47.3351, 268.886, -84.8796
2401, -46.8317, 269.598, -84.7615
2401, -46.1573, 269.533, -84.9168
2401, -45.1715, 270.004, -85.0282
2401, -43.9269, 269.802, -85.4224
2401, -42.1782, 269.723, -86.0004
2401, -40.0972, 269.601, -86.829
2401, -37.87, 269.46, -87.7899
2401, -34.943, 269.172, -89.0233
2401, -31.5977, 268.874, -90.3956
2401, -27.8007, 268.726, -91.6506
2401, -23.96, 268.687, -93.0203
2401, -20.0348, 268.428, -94.281
2401, -15.765, 268.096, -95.4738
2401, -11.5347, 267.727, -96.676
2401, -7.01348, 267.397, -98.0923
2401, -2.34234, 267.06, -99.495
2401, 2.76005, 266.497, -100.57
2401, 7.60789, 265.888, -101.389
2401, 12.0885, 265.3, -102.094
2401, 16.0812, 264.878, -102.798
2401, 19.5068, 264.62, -103.409
2401, 22.8991, 264.339, -104.013
2401, 25.3239, 264.435, -104.556
2401, 27.7049, 264.636, -104.955
2401, 30.0087, 264.905, -105.294
2401, 31.7505, 265.03, -105.498
2401, 33.1167, 265.215, -105.653
2401, 33.9675, 265.273, -105.752
2401, 34.5489, 265.297, -105.821
2401, 34.7672, 264.803, -105.94
2401, 34.6662, 264.124, -106.156
2401, 34.0713, 262.522, -106.398
2401, 33.1041, 260.513, -106.546
2401, 31.5554, 257.443, -106.63
2401, 29.8615, 254.019, -106.527
2401, 27.6614, 249.295, -106.276
2401, 25.2645, 243.87, -105.761
2401, 22.7044, 238.105, -104.903
2401, 20.1753, 232.06, -103.775
2401, 17.5182, 225.575, -102.22
2401, 14.8498, 218.916, -100.241
2401, 11.7492, 212.062, -97.848
2401, 8.71881, 205.566, -94.9644
2401, 5.33487, 199.107, -92.0177
2401, 1.98625, 192.956, -88.9974
2401, -1.47299, 187.269, -85.565
2401, -4.94249, 182.12, -81.8916
2401, -8.53951, 176.988, -78.0802
2401, -11.8728, 172.355, -74.3028
2401, -14.9684, 167.623, -70.237
2401, -17.9658, 163.235, -66.0612
2401, -20.2247, 160.116, -62.1096
2401, -22.2621, 157.011, -57.9978
2401, -24.2146, 153.662, -53.7907
2401, -26.3193, 149.698, -49.3417
2401, -28.1448, 145.75, -45.2178
2401, -29.6012, 142.732, -41.7276
2401, -30.662, 139.393, -38.5001
2401, -31.4841, 136.689, -35.6247
2401, -32.2672, 134.724, -33.7356
2401, -32.9517, 132.905, -32.1239
2401, -33.8352, 131.688, -30.9574
2401, -34.5007, 130.855, -30.0838
2401, -34.9381, 130.345, -29.5401
2401, -35.3954, 129.918, -29.2173
2401, -35.7319, 129.637, -29.0158
2401, -35.9078, 129.436, -28.8601
2401, -36.0466, 129.278, -28.6837
2401, -36.1863, 129.129, -28.4775
2401, -36.3528, 129.07, -28.3196
2401, -36.5368, 129.04, -28.1286
2401, -36.7182, 129.01, -27.912
2401, -36.8666, 128.968, -27.6859
2401, -37.0085, 128.912, -27.4677
2401, -37.1413, 128.799, -27.2878
2401, -37.3183, 128.914, -27.044
2401, -37.4449, 128.893, -26.7993
2401, -37.5293, 128.804, -26.6118
2401, -37.6286, 128.676, -26.726
2401, -37.7188, 128.592, -26.9278
2401, -37.7505, 128.444, -27.117
2401, -37.7391, 128.3, -27.3195
2401, -37.7196, 128.147, -27.5465
2401, -37.6931, 128.103, -27.5941
2401, -37.6413, 128.082, -27.7677
2401, -37.5765, 128.083, -27.9504
2401, -37.416, 128.1, -28.2596
2401, -37.2433, 128.146, -28.5521
2401, -37.032, 128.263, -28.9386
2401, -36.841, 128.37, -29.2848
2401, -36.6696, 128.506, -29.6528
2401, -36.3816, 128.758, -30.1774
2401, -36.0723, 129.056, -30.6702
2401, -35.5744, 130.102, -31.458
2401, -35.2442, 130.802, -32.0244
2401, -34.709, 131.679, -32.4381
2401, -34.3642, 132.208, -32.8111
2401, -34.192, 132.532, -33.1391
2401, -34.0736, 132.768, -33.4052
2401, -33.9668, 133.022, -33.7937
2401, -33.8959, 133.247, -34.1129
2401, -34.0415, 135.139, -34.886
2401, -34.0076, 135.723, -35.4595
2401, -34.0026, 135.872, -35.5891
2401, -33.9512, 136.081, -35.8356
2401, -33.8986, 136.244, -36.051
2401, -33.6136, 138.167, -37.1748
2401, -33.3667, 138.769, -37.6849
2401, -33.3171, 138.946, -37.81
2401, -33.297, 139.093, -37.9867
2401, -33.263, 139.277, -38.2553
2401, -33.1959, 139.681, -38.8955
2401, -33.1097, 140.109, -39.6931
2401, -32.9769, 140.73, -41.0118
2401, -32.8437, 141.56, -42.4382
2401, -32.7565, 142.212, -43.5435
2401, -32.3965, 143.352, -45.2119
2401, -32.4465, 143.543, -45.4706
2401, -32.2326, 144.878, -46.9591
2401, -32.09, 145.826, -48.0136
2401, -32.0476, 146.438, -48.7025
2401, -32.0578, 146.913, -49.2361
2401, -32.0485, 147.418, -49.7905
2401, -31.787, 148.952, -51.3498
2401, -31.4668, 150.215, -52.5727
2401, -31.165, 150.909, -53.3509
2401, -30.7364, 151.917, -54.116
2401, -30.4323, 152.666, -54.7476
2401, -30.1817, 153.144, -55.1347
2401, -30.0465, 153.434, -55.3174
