761, -19.0525, 195.511, -26.6454
761, -19.0427, 195.48, -26.6625
761, -19.0313, 195.445, -26.6794
761, -19.027, 195.41, -26.6916
761, -18.9973, 195.347, -26.72
761, -18.9628, 195.284, -26.7607
761, -18.9327, 195.233, -26.7983
761, -18.9061, 195.187, -26.8329
761, -18.887, 195.138, -26.8665
761, -18.8638, 195.108, -26.9086
761, -18.8291, 195.081, -26.9578
761, -18.7819, 195.056, -27.0035
761, -18.7594, 195.044, -27.04
761, -18.7172, 195.01, -27.0986
761, -18.6712, 194.983, -27.1496
761, -18.617, 194.954, -27.1924
761, -18.5637, 194.929, -27.2296
761, -18.525, 194.92, -27.2612
761, -18.5012, 194.912, -27.2825
761, -18.4883, 194.903, -27.299
761, -18.4672, 194.927, -27.3073
761, -18.4485, 194.946, -27.3036
761, -18.4328, 194.954, -27.2979
761, -18.4137, 194.972, -27.2906
761, -18.3868, 194.99, -27.2777
761, -18.36, 195.003, -27.2663
761, -18.3265, 195.015, -27.2515
761, -18.2946, 195.034, -27.2358
761, -18.257, 195.074, -27.213
761, -18.2213, 195.118, -27.1806
761, -18.1833, 195.161, -27.147
761, -18.0997, 195.199, -27.1183
761, -18.0265, 195.237, -27.0929
761, -17.9611, 195.26, -27.0687
761, -17.9068, 195.283, -27.0484
761, -17.8628, 195.308, -27.0306
761, -17.8081, 195.373, -26.9632
761, -17.7614, 195.409, -26.9538
761, -17.7315, 195.447, -26.9257
761, -17.696, 195.476, -26.9245
761, -17.6657, 195.505, -26.9237
761, -17.6511, 195.517, -26.9167
761, -17.6506, 195.507, -26.9027
761, -17.6575, 195.48, -26.8843
761, -17.6595, 195.472, -26.8719
761, -17.6599, 195.463, -26.8652
761, -17.6638, 195.45, -26.8579
761, -17.6648, 195.443, -26.8514
761, -17.6601, 195.443, -26.8486
761, -17.6563, 195.448, -26.8473
761, -17.6543, 195.45, -26.8451
761, -17.6511, 195.454, -26.843
761, -17.6529, 195.451, -26.8392
761, -17.6678, 195.43, -26.8371
761, -17.6896, 195.41, -26.8348
761, -17.7255, 195.363, -26.8238
761, -17.7733, 195.305, -26.8068
761, -17.8397, 195.209, -26.7799
761, -17.895, 195.124, -26.7584
761, -17.9214, 195.055, -26.7586
761, -17.9353, 194.953, -26.8037
761, -17.9441, 194.893, -26.8563
761, -17.954, 194.843, -26.8916
761, -17.9624, 194.798, -26.9222
761, -17.9655, 194.757, -26.9244
761, -17.9686, 194.708, -26.9036
761, -17.9671, 194.673, -26.8836
761, -17.9456, 194.649, -26.858
761, -17.9182, 194.635, -26.8376
761, -17.8832, 194.637, -26.8212
761, -17.8369, 194.74, -26.8146
761, -17.789, 194.808, -26.8254
761, -17.6658, 195.033, -26.8931
761, -17.5223, 195.44, -26.99
761, -17.2711, 196.211, -27.1545
761, -16.9328, 197.108, -27.3221
761, -16.4781, 198.264, -27.4623
761, -15.7393, 200.156, -27.6976
761, -14.9522, 202.593, -27.6568
761, -14.1525, 205.363, -27.4838
761, -12.4345, 210.195, -27.118
761, -10.5226, 214.408, -27.0235
761, -8.01348, 219.338, -28.0228
761, -6.03988, 224.156, -27.8594
761, -4.19998, 228.58, -28.0185
761, -1.34281, 233.089, -29.3566
761, 0.305257, 235.989, -31.8722
761, 2.10178, 239.479, -33.287
761, 3.43324, 242.529, -34.4425
761, 5.88729, 243.513, -37.7389
761, 7.35402, 244.87, -39.4641
761, 7.74702, 249.852, -38.5065
761, 8.61213, 254.199, -37.7833
761, 11.0907, 255.427, -39.8707
761, 12.3133, 258.467, -39.6794
761, 13.2309, 261.437, -39.2815
761, 17.5266, 266.337, -38.0932
761, 21.1358, 268.524, -38.9509
761, 22.5068, 269.294, -39.9366
761, 23.7434, 270.905, -40.0843
761, 23.715, 271.501, -40.9273
761, 23.7314, 272.523, -41.0611
761, 22.8502, 274.763, -40.2525
761, 21.0992, 274.957, -40.823
761, 20.6132, 275.415, -41.3113
761, 20.7759, 277.934, -40.1976
761, 20.5687, 278.39, -40.2358
761, 20.7165, 279.919, -39.5027
761, 21.0021, 281.125, -38.9479
761, 21.3078, 282.116, -38.4729
761, 21.5185, 282.811, -38.1541
761, 21.7433, 283.335, -37.7634
761, 21.9262, 283.666, -37.4771
761, 22.0024, 283.806, -37.3007
761, 21.9623, 283.678, -37.2039
761, 21.7709, 283.204, -37.1674
761, 21.2982, 281.935, -37.3963
761, 21.084, 280.551, -37.2778
761, 20.8142, 279.169, -37.2122
761, 20.417, 276.93, -37.1912
761, 18.577, 267.961, -38.1687
761, 17.7336, 264.757, -38.5158
761, 16.6917, 260.012, -39.1671
761, 15.5537, 255.053, -39.8299
761, 14.5175, 250.118, -40.6636
761, 13.6567, 245.539, -41.2835
761, 13.0283, 241.33, -41.7877
761, 12.1578, 235.68, -42.1853
761, 11.3301, 229.57, -42.7575
761, 10.8922, 222.903, -43.5105
761, 10.5457, 217.78, -43.4247
761, 10.3348, 213.192, -43.1399
761, 9.92089, 207.4, -42.648
761, 9.46947, 202.313, -41.9615
761, 9.27536, 197.516, -41.269
761, 9.02126, 192.738, -40.3215
761, 8.47786, 188.63, -38.9791
761, 7.76339, 184.986, -37.2356
761, 7.25925, 181.668, -35.6584
761, 6.85701, 178.779, -34.4542
761, 6.80638, 175.638, -33.3102
761, 6.70549, 172.945, -32.1634
761, 6.55991, 170.082, -31.2518
761, 6.19222, 167.603, -30.3625
761, 6.10683, 165.042, -29.3579
761, 6.16484, 162.641, -28.6497
761, 6.07462, 160.655, -28.0701
761, 6.04827, 158.846, -27.5309
761, 5.9666, 157.049, -27.0768
761, 5.84646, 155.205, -26.8138
761, 5.9017, 153.594, -26.6242
761, 5.8564, 152.083, -26.3754
761, 5.80051, 150.886, -26.155
761, 5.77752, 149.881, -25.9291
761, 5.64804, 148.955, -25.6866
761, 5.465, 148.012, -25.4293
761, 5.30195, 147.163, -25.1415
761, 5.16626, 146.436, -24.8595
761, 5.09733, 145.789, -24.5663
761, 5.03287, 145.171, -24.2956
761, 4.96717, 144.616, -24.1109
761, 4.88426, 144.149, -23.9561
761, 4.81115, 143.755, -23.8226
761, 4.65941, 143.342, -23.7071
761, 4.41779, 142.93, -23.6492
761, 4.22584, 142.631, -23.6214
761, 4.08112, 142.378, -23.5888
761, 3.80219, 142.088, -23.5094
761, 3.27695, 141.851, -23.4203
761, 2.54766, 141.572, -23.3771
761, 1.78864, 141.147, -23.168
761, 0.764356, 140.741, -22.8638
761, -0.687525, 140.359, -22.499
761, -2.48242, 140.16, -22.1293
761, -4.84911, 139.816, -21.5297
761, -7.24039, 140.118, -21.1486
761, -7.82052, 138.923, -23.62
761, -11.5874, 138.314, -23.798
761, -13.8514, 138.928, -25.4318
761, -17.0398, 138.497, -24.5127
761, -20.0263, 138.515, -23.6006
761, -19.6859, 139.488, -25.9989
761, -24.2986, 138.497, -24.912
761, -28.9836, 137.433, -24.1334
761, -33.2556, 134.854, -24.1442
761, -36.4606, 132.327, -23.7007
761, -38.0285, 131.203, -23.4907
761, -39.3131, 131.123, -23.2941
761, -39.7503, 132.372, -23.9673
761, -40.3454, 133.743, -23.5607
761, -40.1903, 135.101, -24.4897
761, -39.9803, 136.269, -25.3015
761, -40.0329, 136.823, -25.9547
761, -40.3185, 136.857, -26.6634
761, -40.0575, 136.714, -27.1276
761, -39.8145, 136.816, -27.4805
761, -40.2735, 137.751, -27.595
761, -40.2451, 138.448, -27.8998
761, -39.5443, 139.559, -28.7671
761, -38.3923, 140.337, -29.6817
761, -37.1061, 140.895, -30.2675
761, -35.4073, 141.941, -31.1615
761, -32.9713, 143.386, -32.287
761, -30.4768, 144.747, -33.2932
761, -26.969, 145.337, -34.2607
761, -23.042, 145.358, -35.6698
761, -18.4716, 145.662, -37.2109
761, -13.4359, 146.026, -38.4603
761, -8.77194, 146.49, -39.5954
761, -4.54291, 147.014, -40.574
761, -0.550844, 147.688, -41.1222
761, 3.32737, 148.536, -41.7607
761, 6.77769, 149.197, -42.0613
761, 10.1479, 149.518, -42.3361
761, 12.8966, 149.618, -42.4249
761, 15.1357, 149.697, -42.4535
761, 17.1392, 149.701, -42.5699
761, 19.3088, 149.536, -42.8817
761, 21.189, 149.202, -43.1903
761, 22.8113, 148.973, -43.252
761, 24.3136, 148.468, -43.2759
761, 25.6929, 148.072, -43.2642
761, 27.0439, 147.71, -43.0623
761, 28.1312, 147.351, -42.8345
761, 29.2293, 146.894, -42.522
761, 30.0582, 146.252, -42.122
761, 30.7632, 145.769, -41.7212
761, 30.9767, 145.139, -41.2843
761, 31.0751, 144.598, -40.9262
761, 31.1398, 144.074, -40.5976
761, 31.3828, 143.549, -40.2364
761, 31.9187, 142.842, -39.7398
761, 32.3476, 142.395, -39.3042
761, 32.509, 142.274, -38.9474
761, 32.534, 142.809, -38.6805
761, 32.5683, 142.956, -38.3356
761, 32.4505, 142.984, -37.9609
761, 32.3487, 143.186, -37.5017
761, 32.1482, 143.403, -37.0902
761, 31.8667, 143.563, -36.7471
761, 31.551, 143.716, -36.453
761, 31.268, 143.949, -36.0945
761, 30.9121, 144.116, -35.6924
761, 30.5883, 144.16, -35.3388
761, 30.3061, 144.371, -35.0276
761, 29.692, 144.523, -34.5274
761, 29.52, 144.558, -34.3521
761, 29.2442, 144.623, -33.9267
761, 28.9862, 144.57, -33.5316
761, 28.7407, 144.471, -33.2134
761, 28.482, 144.395, -32.9239
761, 28.2865, 144.396, -32.6295
761, 28.0116, 144.566, -32.2926
