761, -9.65859, 220.611, -8.71858
761, -9.64945, 220.645, -8.72409
761, -9.66399, 220.676, -8.72674
761, -9.65186, 220.686, -8.74562
761, -9.62879, 220.691, -8.77625
761, -9.57288, 220.706, -8.82249
761, -9.53066, 220.705, -8.87028
761, -9.4864, 220.683, -8.93628
761, -9.49691, 220.766, -8.88206
761, -9.50536, 220.912, -8.82543
761, -9.52932, 221.035, -8.77644
761, -9.53888, 221.121, -8.7132
761, -9.52914, 221.205, -8.66762
761, -9.51836, 221.287, -8.63587
761, -9.50136, 221.363, -8.61323
761, -9.5245, 221.473, -8.64652
761, -9.55375, 221.633, -8.69893
761, -9.62274, 221.746, -8.79076
761, -9.68975, 221.867, -8.91793
761, -9.75043, 221.936, -8.98881
761, -9.79185, 221.966, -9.06115
761, -9.8161, 221.994, -9.12441
761, -9.83247, 222.017, -9.16897
761, -9.84004, 222.039, -9.19836
761, -9.84941, 222.072, -9.22042
761, -9.85699, 222.098, -9.23914
761, -9.8577, 222.127, -9.24623
761, -9.84863, 222.164, -9.24006
761, -9.82736, 222.213, -9.23626
761, -9.80588, 222.265, -9.22369
761, -9.76746, 222.322, -9.19576
761, -9.72969, 222.35, -9.18238
761, -9.69698, 222.347, -9.17774
761, -9.65226, 222.354, -9.15074
761, -9.61206, 222.358, -9.12505
761, -9.57767, 222.388, -9.08322
761, -9.54612, 222.414, -9.0473
761, -9.5056, 222.421, -9.00238
761, -9.49328, 222.432, -8.95872
761, -9.46796, 222.445, -8.91651
761, -9.42772, 222.56, -8.82007
761, -9.3884, 222.775, -8.70397
761, -9.34966, 222.985, -8.59405
761, -9.29851, 223.194, -8.49273
761, -9.21302, 223.437, -8.34844
761, -9.08298, 224.205, -8.08631
761, -9.04504, 224.384, -8.07542
761, -9.13719, 225.699, -7.65235
761, -9.14542, 226.549, -7.36482
761, -9.07141, 226.463, -7.50481
761, -8.96166, 226.357, -7.69537
761, -8.90461, 226.372, -7.66334
761, -8.85054, 226.39, -7.62874
761, -8.77695, 226.428, -7.60156
761, -8.70979, 226.464, -7.62359
761, -8.57871, 227.148, -7.14636
761, -8.39492, 227.743, -6.64296
761, -8.14547, 227.361, -7.23201
761, -7.90546, 226.964, -7.8318
761, -7.70226, 226.823, -8.12367
761, -7.54626, 226.77, -8.35767
761, -7.45509, 226.725, -8.56403
761, -7.36739, 226.718, -8.71776
761, -7.26103, 226.746, -8.85258
761, -7.09963, 226.789, -8.96801
761, -6.92408, 226.831, -9.09158
761, -6.76424, 226.87, -9.1998
761, -6.18228, 227.025, -8.94592
761, -5.96724, 227.237, -8.63988
761, -5.72705, 227.455, -8.28561
761, -5.63459, 227.137, -8.00348
761, -5.52953, 226.423, -8.18456
761, -5.55415, 225.765, -8.4119
761, -5.62666, 224.686, -8.68889
761, -6.24354, 222.515, -9.01302
761, -6.85865, 219.715, -9.61096
761, -7.26536, 217.769, -10.0766
761, -7.88021, 215.188, -10.3712
761, -8.85198, 211.678, -10.9389
761, -9.86368, 207.901, -11.467
761, -10.7443, 203.673, -12.1271
761, -11.5337, 199.418, -12.371
761, -12.6069, 194.938, -12.3001
761, -13.1411, 190.03, -12.0675
761, -13.9202, 186.045, -11.6873
761, -15.0701, 181.934, -11.568
761, -16.1565, 178.049, -11.1709
761, -17.4338, 174.308, -10.7883
761, -18.7305, 170.323, -10.5203
761, -19.9461, 165.761, -10.4065
761, -20.9311, 160.87, -9.95241
761, -22.103, 156.853, -9.56248
761, -23.1548, 153.284, -9.37076
761, -23.8933, 150.329, -9.02222
761, -24.6772, 147.481, -8.68682
761, -25.406, 145.564, -8.3319
761, -26.4677, 143.175, -7.39614
761, -27.1635, 141.275, -6.55029
761, -27.7034, 140.204, -6.10072
761, -27.8193, 139.411, -5.78953
761, -27.8602, 138.808, -5.38933
761, -27.7571, 138.092, -4.93237
761, -27.6308, 138.014, -3.88433
761, -27.6193, 137.884, -2.61776
761, -27.3966, 137.623, -0.819093
761, -27.4493, 137.665, 0.559006
761, -27.8894, 137.425, 1.25291
761, -28.2607, 137.274, 1.72652
761, -28.6919, 137.187, 2.1678
761, -28.9916, 137.132, 2.4735
761, -29.2573, 137.201, 2.97007
761, -29.5975, 137.437, 3.57269
761, -29.8792, 137.566, 4.11123
761, -30.0908, 137.639, 4.4806
761, -30.2589, 137.655, 4.87607
761, -30.3777, 137.759, 5.20472
761, -30.4361, 137.904, 5.41934
761, -30.4529, 138.045, 5.581
761, -30.4491, 138.206, 5.61413
761, -30.3805, 138.384, 5.59875
761, -30.1163, 138.658, 5.53623
761, -29.6972, 138.863, 5.4632
761, -29.2173, 139.194, 5.26417
761, -28.1279, 139.765, 4.74439
761, -26.6625, 140.098, 3.97692
761, -24.7498, 140.008, 3.22583
761, -22.1881, 138.922, 1.29579
761, -19.2863, 138.094, -0.73563
761, -16.1153, 137.377, -2.70399
761, -12.8041, 136.739, -4.33055
761, -9.27844, 135.253, -6.33797
761, -5.88625, 133.997, -8.22677
761, -3.17214, 133.106, -9.40698
761, -0.617236, 132.423, -10.2218
761, 1.82305, 131.538, -10.5169
761, 3.97877, 130.799, -10.7364
761, 6.07046, 130.092, -10.8407
761, 7.97787, 129.512, -10.8529
761, 9.85592, 128.958, -10.8633
761, 11.478, 128.52, -10.8477
761, 12.6845, 128.129, -10.8424
761, 13.9806, 127.776, -10.8727
761, 14.9782, 127.531, -10.9271
761, 15.8954, 127.413, -11.0137
761, 16.8619, 127.321, -11.2282
761, 17.5653, 127.261, -11.3879
761, 18.3676, 127.233, -11.6335
761, 18.9068, 127.433, -11.8433
761, 19.39, 127.919, -12.13
761, 19.5252, 128.729, -12.4482
761, 19.3538, 130.202, -12.8296
761, 18.9015, 132.74, -13.2763
761, 18.0086, 135.598, -13.772
761, 16.9509, 139.471, -14.1035
761, 16.0288, 142.928, -14.3275
761, 15.2282, 145.883, -14.4855
761, 14.5468, 148.568, -14.7034
761, 13.5858, 152.06, -14.5837
761, 12.801, 155.483, -14.3747
761, 12.2994, 157.78, -14.4278
761, 11.7971, 159.925, -14.671
761, 11.5234, 161.877, -14.9626
761, 11.0846, 164.18, -15.2528
761, 10.7291, 166.762, -15.5918
761, 10.1463, 169.502, -15.6893
761, 9.67303, 171.572, -15.7656
761, 9.50432, 173.198, -15.8445
761, 8.95912, 175.223, -15.911
761, 8.26051, 177.189, -15.9196
761, 8.00906, 178.387, -15.9704
761, 8.02572, 179.254, -16.0745
761, 8.12509, 180.042, -16.198
761, 8.26149, 180.693, -16.3184
761, 8.45634, 181.203, -16.4362
761, 8.61344, 181.512, -16.5777
761, 8.7458, 181.619, -16.7441
761, 8.9096, 181.588, -16.8439
761, 9.06584, 181.205, -17.0798
761, 9.13525, 180.157, -17.4612
761, 9.21016, 178.669, -17.7742
761, 9.50254, 176.78, -18.0647
761, 10.0039, 173.726, -18.1702
761, 10.3139, 170.264, -18.0564
761, 10.4933, 166.393, -17.7439
761, 10.6992, 161.718, -17.1333
761, 10.9377, 157.263, -16.2233
761, 11.1363, 152.645, -15.3038
761, 11.1214, 147.11, -14.3122
761, 11.4918, 140.819, -13.0004
761, 12.2353, 134.103, -11.2218
761, 12.3978, 128.609, -9.26285
761, 13.0542, 121.178, -7.69888
761, 14.1992, 108.988, -3.99781
761, 14.32, 106.929, -3.16984
761, 14.6253, 104.455, -2.59039
761, 14.6179, 102.303, -2.03945
761, 14.2532, 100.047, -1.4545
761, 13.6939, 97.2345, -1.26944
761, 13.2055, 94.555, -0.923734
761, 12.4429, 92.9529, -0.4884
761, 11.9093, 91.6173, -0.0135796
761, 11.407, 90.2737, 0.553721
761, 11.0045, 89.275, 1.03545
761, 10.7346, 88.5257, 1.42177
761, 10.4509, 87.9989, 1.67365
761, 10.2655, 87.5416, 1.88146
761, 10.1113, 87.2809, 2.00455
761, 9.93334, 87.1367, 2.05316
761, 9.75743, 86.9996, 2.12778
761, 9.5645, 86.9281, 2.15441
761, 9.38529, 86.8184, 2.19503
761, 9.13603, 86.7654, 2.34906
761, 9.00252, 86.8111, 2.38771
761, 8.87887, 86.8446, 2.42773
761, 8.78691, 86.8875, 2.42718
761, 8.73115, 86.933, 2.3606
761, 8.64967, 86.987, 2.30305
761, 8.59638, 87.0697, 2.13543
761, 8.52094, 87.2004, 1.95257
761, 8.50422, 87.388, 1.74683
761, 8.4653, 87.5895, 1.46672
761, 8.4789, 87.817, 1.20372
761, 8.45455, 88.0915, 0.922834
761, 8.42436, 88.3838, 0.673162
761, 8.4077, 88.6786, 0.395216
761, 8.32716, 89.0933, -0.0404192
761, 8.42656, 89.4926, -0.379929
761, 8.57536, 89.8687, -0.712865
761, 8.58744, 90.1814, -0.937824
761, 8.59333, 90.4379, -1.13561
761, 8.64859, 90.6539, -1.33748
761, 8.76602, 90.9638, -1.60478
761, 8.86071, 91.2272, -1.85757
761, 8.94617, 91.4839, -2.05529
761, 9.04137, 91.707, -2.30255
761, 9.12294, 91.9403, -2.54637
761, 9.19959, 92.141, -2.76054
761, 9.26759, 92.3518, -2.98968
761, 9.26945, 92.5546, -3.1758
761, 9.2168, 92.7417, -3.34114
761, 9.17898, 92.9132, -3.48836
761, 8.98531, 93.1412, -3.66721
761, 8.88645, 93.424, -3.84065
761, 8.71873, 93.6797, -4.03376
761, 8.62082, 93.8873, -4.17837
761, 8.40666, 94.1692, -4.51733
761, 8.23022, 94.3948, -4.78796
