761, 3.07547, 229.822, -16.9345
761, 3.09647, 229.848, -16.9355
761, 3.11492, 229.869, -16.9364
761, 3.11934, 229.874, -16.9363
761, 3.12274, 229.877, -16.9361
761, 3.12652, 229.882, -16.9361
761, 3.13044, 229.887, -16.9359
761, 3.13519, 229.895, -16.9359
761, 3.13959, 229.903, -16.9353
761, 3.14338, 229.915, -16.9345
761, 3.14548, 229.933, -16.9331
761, 3.14883, 229.952, -16.9317
761, 3.14807, 229.966, -16.9297
761, 3.14685, 229.98, -16.9281
761, 3.14549, 229.995, -16.9262
761, 3.14435, 230.006, -16.9252
761, 3.14208, 230.007, -16.9246
761, 3.13849, 230.009, -16.9238
761, 3.13052, 230.011, -16.9224
761, 3.11547, 230.01, -16.9203
761, 3.09918, 230.009, -16.9182
761, 3.07872, 230.007, -16.915
761, 3.0513, 230.002, -16.9109
761, 3.01962, 229.999, -16.9062
761, 2.99644, 229.997, -16.9026
761, 2.98034, 229.996, -16.8999
761, 2.95316, 229.993, -16.895
761, 2.91594, 229.987, -16.8887
761, 2.88115, 229.986, -16.8824
761, 2.85492, 229.988, -16.8777
761, 2.83288, 229.996, -16.873
761, 2.80937, 229.999, -16.869
761, 2.79167, 230.009, -16.8659
761, 2.7657, 230.017, -16.8616
761, 2.74731, 230.03, -16.8578
761, 2.72699, 230.055, -16.8533
761, 2.71211, 230.069, -16.8507
761, 2.69744, 230.093, -16.8478
761, 2.67995, 230.116, -16.8447
761, 2.65999, 230.15, -16.8412
761, 2.63485, 230.179, -16.8372
761, 2.59041, 230.218, -16.83
761, 2.54666, 230.298, -16.7816
761, 2.47343, 230.365, -16.7339
761, 2.34197, 230.403, -16.6855
761, 2.21008, 230.451, -16.6401
761, 2.01093, 230.82, -16.0619
761, 1.73073, 231.04, -15.5865
761, 1.36316, 231.141, -15.1731
761, 0.788174, 231.185, -14.8554
761, 0.163461, 231.224, -14.6453
761, -1.12493, 231.66, -14.39
761, -2.27201, 232.022, -14.1506
761, -5.69949, 231.74, -13.9105
761, -6.79169, 231.28, -14.0491
761, -8.24262, 230.41, -14.1153
761, -9.84704, 229.316, -14.098
761, -11.313, 228.12, -13.9746
761, -12.8612, 226.8, -13.7062
761, -14.3379, 225.067, -13.425
761, -15.9296, 223.286, -12.9171
761, -17.3197, 221.491, -12.5291
761, -18.535, 219.53, -12.052
761, -19.5967, 217.846, -11.7292
761, -20.5359, 216.158, -11.3447
761, -21.6638, 214.137, -10.8097
761, -22.2212, 210.508, -9.84943
761, -22.7006, 207.972, -9.43844
761, -23.1231, 205.821, -8.91937
761, -23.4802, 203.459, -8.30184
761, -23.6914, 201.004, -7.70913
761, -23.515, 198.252, -6.76741
761, -23.1715, 195.213, -6.54911
761, -22.7504, 192.947, -6.45318
761, -22.2213, 190.924, -6.41318
761, -21.3861, 188.809, -6.48182
761, -19.42, 186.559, -6.46934
761, -17.7222, 184.647, -6.93182
761, -17.2807, 183.828, -9.54709
761, -15.5221, 181.464, -10.8042
761, -14.3876, 180.859, -11.2958
761, -12.5379, 180.115, -11.1469
761, -9.8667, 179.173, -11.1289
761, -7.30561, 178.376, -11.2501
761, -4.79108, 177.679, -11.4882
761, -2.50787, 177.283, -11.6933
761, 0.666791, 175.912, -11.267
761, 2.81584, 175.902, -11.5274
761, 4.0309, 176.175, -11.8828
761, 5.35761, 176.506, -12.3421
761, 6.77814, 177.051, -12.8712
761, 8.29258, 177.95, -13.4719
761, 10.0084, 179.509, -14.1977
761, 11.5841, 181.288, -14.8653
761, 12.8376, 183.174, -15.4863
761, 13.9212, 185.582, -15.8748
761, 14.695, 187.678, -16.2525
761, 15.4155, 189.52, -16.7413
761, 15.9499, 191.857, -17.2988
761, 16.4041, 195.27, -17.5434
761, 16.7418, 198.261, -17.9678
761, 16.8308, 201.125, -18.2548
761, 16.9025, 204.011, -18.3324
761, 16.843, 206.779, -18.3837
761, 16.6841, 210.317, -18.6916
761, 16.4693, 212.665, -18.8303
761, 16.2108, 214.526, -18.9685
761, 15.7328, 216.917, -18.9276
761, 15.1194, 219.138, -18.7428
761, 14.5141, 220.731, -18.5119
761, 14.0108, 222.263, -18.205
761, 13.4236, 224.003, -17.8414
761, 12.7944, 225.44, -17.5607
761, 12.0999, 226.903, -17.2208
761, 11.3744, 228.309, -16.7918
761, 10.7392, 229.356, -16.4572
761, 10.1315, 230.291, -16.1573
761, 9.42044, 231.237, -15.8644
761, 8.67912, 232.034, -15.6205
761, 7.9598, 232.528, -15.4548
761, 7.44387, 232.776, -15.339
761, 7.08288, 232.982, -15.2553
761, 6.77993, 233.134, -15.1989
761, 6.47788, 233.246, -15.1527
761, 6.27072, 233.145, -15.1249
761, 6.04685, 232.997, -15.0364
761, 5.90283, 232.656, -14.9781
761, 5.90755, 231.907, -14.9721
761, 6.01666, 230.858, -15.0595
761, 6.24313, 229.727, -15.2161
761, 6.88467, 228.153, -15.7936
761, 7.30288, 226.17, -16.1164
761, 7.78155, 224.47, -16.0767
761, 8.33868, 222.821, -16.094
761, 8.56617, 221.057, -16.0758
761, 8.92643, 219.214, -15.9796
761, 9.35374, 217.24, -15.8676
761, 10.0146, 215.036, -15.7102
761, 10.7628, 212.322, -15.3441
761, 11.8032, 209.189, -14.866
761, 12.4808, 206.551, -14.5686
761, 12.8764, 203.894, -14.4907
761, 13.1083, 201.407, -14.508
761, 13.5029, 198.266, -14.35
761, 13.7671, 194.616, -14.1387
761, 13.9428, 190.727, -13.7837
761, 13.7573, 186.697, -13.5075
761, 13.4311, 182.637, -13.0799
761, 13.3166, 178.321, -12.402
761, 12.9088, 174.105, -12.0813
761, 12.6231, 170.704, -11.5461
761, 12.4686, 166.537, -10.5636
761, 12.5747, 163.08, -9.43733
761, 12.2969, 160.123, -8.81284
761, 12.2727, 157.817, -8.15809
761, 12.1924, 155.986, -7.59563
761, 11.9998, 154.131, -6.91989
761, 11.8266, 152.142, -6.50327
761, 11.6352, 150.549, -6.00525
761, 11.3952, 149.189, -5.52254
761, 11.1338, 147.927, -5.06473
761, 10.8484, 146.89, -4.64431
761, 10.7319, 145.183, -4.28919
761, 10.6619, 143.934, -4.0242
761, 10.5112, 142.975, -3.73927
761, 10.3487, 142.204, -3.47763
761, 10.1476, 141.399, -3.14982
761, 9.96244, 140.69, -2.85005
761, 9.34397, 139.673, -2.21473
761, 9.28933, 139.349, -2.09566
761, 9.25148, 138.61, -1.89698
761, 9.24584, 138.002, -1.70028
761, 9.18921, 137.491, -1.59303
761, 9.209, 137.006, -1.49557
761, 9.21052, 136.61, -1.49574
761, 9.18418, 136.255, -1.44275
761, 9.17283, 135.953, -1.45661
761, 9.17854, 135.623, -1.43183
761, 9.26973, 135.262, -1.42237
761, 9.31706, 135.18, -1.40422
761, 9.38519, 135.099, -1.40707
761, 9.49496, 135.09, -1.45877
761, 9.60976, 135.046, -1.5277
761, 9.78387, 134.985, -1.56374
761, 9.91535, 134.926, -1.62668
761, 10.0378, 134.932, -1.67791
761, 10.1269, 134.994, -1.75345
761, 10.1762, 135.087, -1.80435
761, 10.2371, 135.178, -1.85084
761, 10.2862, 135.226, -1.92598
761, 10.2942, 135.215, -1.97413
761, 10.3107, 135.246, -2.02049
761, 10.3547, 135.278, -2.05078
761, 10.3961, 135.34, -2.09468
761, 10.4209, 135.437, -2.14533
