2251, 13.4565, 282.423, -17.9679
2251, 13.4917, 282.369, -18.144
2251, 13.5253, 282.184, -18.4028
2251, 13.5464, 281.941, -18.6908
2251, 13.5575, 281.882, -18.7596
2251, 13.5583, 281.814, -18.8425
2251, 13.5594, 281.756, -18.9095
2251, 13.5578, 281.706, -18.9643
2251, 13.5555, 281.661, -19.0118
2251, 13.5544, 281.625, -19.0505
2251, 13.5557, 281.603, -19.0843
2251, 13.5609, 281.603, -19.122
2251, 13.5696, 281.627, -19.1521
2251, 13.5806, 281.662, -19.1838
2251, 13.5839, 281.69, -19.2062
2251, 13.5841, 281.708, -19.2264
2251, 13.5852, 281.725, -19.2432
2251, 13.59, 281.722, -19.2485
2251, 13.5938, 281.718, -19.2526
2251, 13.5976, 281.711, -19.2546
2251, 13.6011, 281.716, -19.2584
2251, 13.6058, 281.718, -19.2608
2251, 13.6104, 281.717, -19.2618
2251, 13.6127, 281.719, -19.264
2251, 13.6198, 281.712, -19.2631
2251, 13.6271, 281.708, -19.2647
2251, 13.6282, 281.696, -19.2688
2251, 13.6327, 281.675, -19.2716
2251, 13.6354, 281.652, -19.277
2251, 13.643, 281.629, -19.2852
2251, 13.6516, 281.607, -19.2923
2251, 13.6521, 281.587, -19.2953
2251, 13.6535, 281.561, -19.2975
2251, 13.6557, 281.536, -19.3003
2251, 13.6592, 281.52, -19.3036
2251, 13.6725, 281.511, -19.3065
2251, 13.6776, 281.51, -19.3144
2251, 13.6741, 281.517, -19.3261
2251, 13.6662, 281.509, -19.3339
2251, 13.6553, 281.516, -19.3455
2251, 13.4746, 281.753, -19.3576
2251, 13.2951, 281.918, -19.3594
2251, 13.1604, 282.05, -19.36
2251, 12.8884, 282.417, -19.2777
2251, 12.7219, 282.613, -19.1981
2251, 12.5697, 282.766, -19.1451
2251, 12.4505, 282.865, -19.0941
2251, 12.3205, 282.995, -19.0753
2251, 12.2186, 283.005, -19.0231
2251, 12.1251, 283.015, -19.0008
2251, 12.0047, 283.008, -18.9853
2251, 11.8174, 283.046, -19.0013
2251, 11.6022, 283.083, -19.026
2251, 11.3595, 283.124, -19.0573
2251, 11.0945, 283.099, -19.1102
2251, 10.768, 282.931, -19.1447
2251, 10.3831, 282.897, -19.203
2251, 9.89419, 282.807, -19.2635
2251, 9.29165, 282.588, -19.3637
2251, 8.70405, 282.346, -19.5153
2251, 8.00683, 282.053, -19.6453
2251, 7.08539, 281.616, -19.7621
2251, 6.06079, 281.092, -19.8619
2251, 4.93133, 280.266, -20.0742
2251, 3.80563, 279.661, -20.1177
2251, 2.65785, 278.902, -20.1932
2251, 1.48722, 278.03, -20.2517
2251, 0.105422, 276.963, -20.2669
2251, -1.38761, 275.71, -20.2136
2251, -2.89855, 274.577, -20.2163
2251, -4.34785, 273.057, -20.1922
2251, -5.92481, 271.67, -20.3017
2251, -7.55245, 270.396, -20.3409
2251, -9.10531, 268.824, -19.8774
2251, -10.7332, 266.778, -19.6773
2251, -12.4869, 264.961, -19.5695
2251, -14.3987, 263.381, -19.2506
2251, -16.1298, 261.81, -18.9659
2251, -17.7746, 260.295, -18.5746
2251, -19.4464, 258.234, -18.1485
2251, -21.2131, 256.125, -17.7135
2251, -22.8036, 254.025, -17.1863
2251, -24.5138, 251.608, -16.5622
2251, -26.0463, 249.488, -16.0299
2251, -27.3231, 247.001, -15.3972
2251, -28.5923, 244.566, -14.7238
2251, -29.719, 242.395, -13.7916
2251, -30.8535, 240.115, -12.9201
2251, -31.966, 237.604, -12.1536
2251, -33.0871, 235.368, -11.2167
2251, -33.9366, 232.662, -10.4239
2251, -34.6634, 230.51, -9.23473
2251, -35.3925, 228.844, -8.26886
2251, -35.9688, 226.655, -7.27139
2251, -36.2609, 224.18, -6.08378
2251, -36.513, 221.615, -4.73902
2251, -36.5925, 218.876, -3.39305
2251, -37.0449, 216.687, -2.30766
2251, -37.3791, 214.634, -1.31995
2251, -37.6506, 212.469, -0.365202
2251, -37.8446, 210.154, 0.960175
2251, -37.7477, 208.056, 2.14724
2251, -37.5063, 205.766, 3.23329
2251, -37.1645, 203.269, 4.21523
2251, -36.6043, 200.667, 5.52151
2251, -36.1062, 198.658, 6.83511
2251, -35.3927, 196.747, 7.84758
2251, -34.0482, 194.057, 8.86663
2251, -32.8384, 191.905, 10.0924
2251, -32.0262, 190.61, 10.9263
2251, -31.2996, 189.637, 11.8041
2251, -30.223, 188.282, 12.7704
2251, -28.6261, 186.587, 14.2694
2251, -27.125, 185.246, 15.5204
2251, -25.6837, 183.937, 16.5426
2251, -24.5945, 182.973, 17.1842
2251, -23.38, 182.243, 17.6747
2251, -22.1256, 181.774, 18.0186
2251, -20.177, 181.477, 17.7573
2251, -18.6061, 181.26, 17.6871
2251, -16.9368, 181.861, 17.6682
2251, -15.5389, 181.806, 17.9642
2251, -13.5213, 182.852, 17.9036
2251, -11.8919, 182.777, 18.1907
2251, -10.106, 182.982, 18.5456
2251, -8.10616, 183.616, 18.4385
2251, -6.42376, 184.066, 18.393
2251, -4.76986, 184.851, 18.2248
2251, -0.602411, 187.214, 18.1146
2251, 0.727664, 188.199, 17.9496
2251, 1.92587, 189.26, 17.4266
2251, 3.08671, 190.422, 17.0837
2251, 4.45257, 191.805, 16.7742
2251, 5.53272, 193.037, 16.3649
2251, 6.52931, 194.011, 15.9117
2251, 7.26266, 194.821, 15.4003
2251, 7.8782, 195.556, 14.891
2251, 8.30884, 196.67, 14.4804
2251, 8.78273, 197.976, 13.9888
2251, 9.20056, 200.128, 13.4286
2251, 9.21837, 201.886, 13.0223
2251, 9.36803, 202.96, 12.5735
2251, 9.50816, 203.777, 11.9802
2251, 9.44702, 205.088, 10.9864
2251, 9.35775, 206.6, 10.0264
2251, 9.1417, 207.807, 9.22827
2251, 8.75956, 209.162, 8.25669
2251, 8.53585, 210.144, 7.57089
2251, 8.17554, 211.306, 6.8009
2251, 7.77228, 212.219, 6.27776
2251, 6.99886, 214.005, 5.40899
2251, 6.20267, 215.277, 4.61331
2251, 4.89497, 217.391, 4.21873
2251, 3.60795, 219.68, 3.66415
2251, 2.73248, 220.777, 3.05659
2251, 1.89729, 221.579, 2.38175
2251, 1.08651, 222.157, 1.82155
2251, 0.153376, 222.575, 0.798469
2251, -1.041, 222.721, -0.0686654
2251, -2.3019, 223.035, -0.869824
2251, -3.65376, 223.232, -1.73551
2251, -5.08396, 223.379, -2.44402
2251, -6.77363, 223.652, -2.85079
2251, -8.60281, 223.822, -3.14369
2251, -10.3865, 224.05, -3.53224
2251, -12.1905, 224.162, -3.93284
2251, -14.1008, 224.182, -4.36363
2251, -15.9846, 224.127, -4.77238
2251, -17.9378, 223.809, -5.10692
2251, -19.9644, 223.443, -5.28831
2251, -22.0455, 222.885, -5.26041
2251, -24.1414, 222.309, -4.86998
2251, -26.1368, 221.79, -4.64969
2251, -28.188, 221.189, -4.24536
2251, -29.9961, 220.399, -3.81603
2251, -31.6948, 219.366, -3.42735
2251, -33.3671, 218.073, -3.00589
2251, -35.102, 216.56, -2.5078
2251, -36.8276, 215.123, -1.87711
2251, -38.3883, 213.97, -1.17174
2251, -39.8044, 213.026, -0.722653
2251, -41.1463, 212.01, -0.0553684
2251, -42.2949, 210.785, 0.906146
2251, -43.3593, 209.819, 1.51855
2251, -44.3616, 208.912, 1.91826
2251, -45.2325, 208.069, 2.30959
2251, -46.0067, 207.218, 2.5877
2251, -46.5035, 206.195, 2.74873
2251, -46.8795, 205.466, 2.83808
2251, -47.2178, 204.959, 3.09531
2251, -47.4666, 204.667, 3.28037
2251, -47.7117, 204.455, 3.42839
2251, -47.8457, 204.335, 3.54036
2251, -47.9381, 204.213, 3.66785
2251, -48.0013, 204.213, 3.72139
2251, -47.9798, 204.205, 3.77646
2251, -47.9611, 204.321, 3.77542
2251, -47.9188, 204.458, 3.80723
2251, -47.8271, 204.681, 3.82234
2251, -47.6959, 204.947, 3.83036
2251, -47.5719, 205.224, 3.7989
2251, -47.4241, 205.546, 3.72493
2251, -47.1861, 205.92, 3.70745
2251, -46.9323, 206.343, 3.70312
2251, -46.6394, 206.848, 3.70771
2251, -46.3238, 207.385, 3.68378
2251, -45.99, 207.928, 3.67554
2251, -45.5569, 208.5, 3.59178
2251, -45.1179, 209.167, 3.43522
2251, -44.5694, 209.867, 3.23616
2251, -44.1036, 210.481, 3.02137
2251, -43.6772, 211.037, 2.86109
2251, -43.2646, 211.791, 2.60455
2251, -42.7476, 212.45, 2.41428
2251, -42.3037, 213.261, 2.1775
2251, -41.9024, 213.929, 1.98643
2251, -41.535, 214.64, 1.77906
2251, -41.2312, 215.369, 1.60766
2251, -40.96, 216.05, 1.41821
2251, -40.6841, 216.681, 1.28892
2251, -40.3446, 217.294, 1.11442
2251, -40.044, 217.999, 1.06914
