991, -27.4145, 261.545, 14.515
991, -27.4368, 261.556, 14.5182
991, -27.4606, 261.569, 14.5173
991, -27.4961, 261.588, 14.5113
991, -27.6652, 261.592, 14.4168
991, -27.7749, 261.596, 14.3618
991, -27.8545, 261.586, 14.3219
991, -27.9438, 261.535, 14.27
991, -28.0227, 261.415, 14.2039
991, -28.0884, 261.276, 14.128
991, -28.151, 261.143, 14.045
991, -28.227, 260.996, 13.9888
991, -28.3155, 260.869, 13.9367
991, -28.3794, 260.712, 13.8715
991, -28.3803, 260.593, 13.8523
991, -28.3828, 260.513, 13.8551
991, -28.385, 260.482, 13.8659
991, -28.3866, 260.475, 13.8744
991, -28.3894, 260.474, 13.8872
991, -28.3925, 260.488, 13.8992
991, -28.3714, 260.533, 13.9568
991, -28.3463, 260.576, 14.0314
991, -28.3438, 260.599, 14.073
991, -28.3443, 260.611, 14.1044
991, -28.3583, 260.644, 14.14
991, -28.3789, 260.686, 14.1672
991, -28.4155, 260.738, 14.1956
991, -28.4642, 260.781, 14.2464
991, -28.5165, 260.822, 14.2971
991, -28.5721, 260.872, 14.3314
991, -28.6157, 260.928, 14.3593
991, -28.6679, 260.996, 14.3859
991, -28.7147, 261.033, 14.3957
991, -28.7551, 261.06, 14.3963
991, -28.7958, 261.595, 14.4536
991, -28.8395, 261.676, 14.4712
991, -28.9622, 262.183, 14.5764
991, -29.0448, 262.788, 14.7144
991, -29.064, 263.266, 14.8447
991, -29.0469, 263.116, 14.8024
991, -29.0629, 263.042, 14.7762
991, -29.1421, 262.967, 14.7323
991, -29.2129, 262.863, 14.6834
991, -29.2233, 262.737, 14.6553
991, -29.2466, 262.642, 14.633
991, -29.2696, 262.525, 14.6174
991, -29.2848, 262.123, 14.5222
991, -29.4378, 262.093, 14.6717
991, -29.5842, 261.785, 14.866
991, -29.8302, 261.309, 15.0303
991, -30.0908, 260.726, 15.2085
991, -30.3042, 260.125, 15.3824
991, -30.5402, 259.47, 15.6651
991, -30.9286, 258.282, 16.0846
991, -31.2501, 256.988, 16.5095
991, -31.5651, 255.749, 16.9741
991, -31.9609, 254.3, 17.52
991, -32.3888, 252.788, 18.4809
991, -33.4445, 249.685, 19.9533
991, -33.5754, 248.806, 20.3248
991, -33.7155, 247.22, 20.7806
991, -34.0462, 245.416, 21.4194
991, -34.1328, 244.207, 21.9107
991, -34.0939, 243.149, 22.2732
991, -34.1541, 242.245, 22.8861
991, -34.206, 240.674, 23.5939
991, -34.1418, 239.474, 23.9904
991, -34.0289, 238.441, 24.267
991, -33.7319, 237.524, 24.5609
991, -33.4233, 236.669, 24.8291
991, -33.0606, 235.787, 24.9961
991, -32.6884, 234.912, 25.1181
991, -32.1829, 234.21, 25.199
991, -31.6524, 233.381, 25.2748
991, -31.0605, 232.586, 25.2538
991, -30.4577, 231.748, 25.2888
991, -29.6208, 231.257, 25.6195
991, -28.8168, 230.985, 25.7176
991, -27.8452, 230.672, 25.7726
991, -27.0128, 230.616, 25.718
991, -26.0243, 230.424, 25.5481
991, -24.7143, 230.113, 25.268
991, -23.1729, 229.823, 24.89
991, -21.5678, 229.618, 24.4282
991, -19.7075, 229.191, 23.9766
991, -17.8953, 229.059, 23.4247
991, -16.1374, 228.855, 22.9079
991, -14.6266, 228.805, 22.4662
991, -13.0356, 228.433, 22.0809
991, -11.4568, 228.072, 21.5521
991, -9.74258, 227.646, 21.1443
991, -8.07344, 227.111, 20.6866
991, -6.57493, 226.632, 20.2784
991, -4.99986, 225.98, 19.987
991, -3.42963, 225.529, 19.7442
991, -1.95199, 224.892, 19.6721
991, -0.590137, 224.011, 19.675
991, 0.415144, 223.425, 19.7218
991, 1.51132, 222.816, 19.6718
991, 2.43395, 222.445, 19.563
991, 3.1301, 222.18, 19.4083
991, 3.68614, 221.967, 19.2907
991, 4.14512, 221.751, 19.1958
991, 4.49129, 221.6, 19.1198
991, 4.59379, 221.557, 19.0306
991, 4.65812, 221.594, 18.9223
991, 4.7817, 221.805, 18.8323
991, 4.84862, 222.14, 18.7714
991, 4.8237, 222.419, 18.7061
991, 4.62085, 222.733, 18.6573
991, 4.25913, 223.6, 18.6858
991, 3.87456, 224.641, 18.6762
991, 3.31983, 226.221, 18.4074
991, 2.86579, 227.599, 18.2206
991, 2.35976, 228.678, 17.6575
991, 1.65752, 230.475, 16.9479
991, 1.0765, 232.263, 16.5288
991, 0.444669, 233.951, 16.3623
991, -0.180329, 235.619, 16.4414
991, -0.907884, 237.415, 16.5913
991, -1.50901, 238.882, 16.6213
991, -2.15561, 240.628, 16.5573
991, -2.72044, 242.367, 16.4637
991, -3.22052, 243.515, 16.3606
991, -3.90996, 244.682, 16.4086
991, -4.45724, 246.095, 16.1583
991, -4.90709, 247.123, 15.9893
991, -5.27138, 248.499, 15.7709
991, -5.53247, 249.556, 15.6067
991, -5.78043, 250.437, 15.4198
991, -5.97894, 251.54, 15.1366
991, -6.02799, 252.457, 14.8028
991, -6.09358, 253.139, 14.5315
991, -6.18106, 253.634, 14.3331
991, -6.34087, 253.861, 14.1603
991, -6.53903, 254.023, 13.9911
991, -6.70259, 254.021, 13.8725
991, -6.83902, 253.988, 13.7874
991, -6.98624, 253.883, 13.7267
991, -7.14146, 253.719, 13.6687
991, -7.39999, 253.223, 13.5989
991, -7.88417, 252.102, 13.4681
991, -8.27266, 250.939, 13.3691
991, -8.44399, 249.611, 13.3558
991, -8.85806, 247.565, 13.3373
991, -9.32484, 245.15, 13.4154
991, -9.64979, 242.955, 13.4233
991, -9.8758, 240.634, 13.6943
991, -10.1583, 238.389, 14.0707
991, -10.4935, 235.991, 14.3199
991, -11.0431, 233.081, 14.5302
991, -11.3708, 230.474, 14.7801
991, -11.5179, 227.994, 15.7097
991, -11.8088, 226.063, 16.5032
991, -11.9886, 223.699, 17.1083
991, -12.1969, 220.943, 18.0839
991, -12.537, 218.864, 18.9132
991, -12.7481, 216.983, 19.7826
991, -12.7969, 215.218, 20.3396
991, -12.941, 213.311, 21.0211
991, -12.9898, 211.467, 21.8301
991, -13.0169, 209.664, 22.6168
991, -12.9479, 207.988, 23.3311
991, -12.9454, 206.652, 23.9484
991, -12.9818, 205.672, 25.3807
991, -13.2521, 204.907, 26.6406
991, -13.3928, 203.87, 27.3855
991, -13.4788, 202.744, 27.9966
991, -13.3901, 201.94, 28.3062
991, -13.4402, 201.903, 29.0317
991, -13.5357, 201.681, 29.9259
991, -13.213, 201.309, 30.2391
991, -13.0589, 200.868, 30.5426
991, -12.8769, 200.443, 30.8124
991, -12.7685, 199.992, 30.9887
991, -12.6987, 199.627, 31.134
991, -12.6847, 199.345, 31.2391
991, -12.7648, 198.962, 31.34
991, -12.8101, 198.689, 31.4392
991, -12.8615, 198.488, 31.5085
991, -12.9434, 198.06, 31.4954
991, -13.0613, 197.687, 31.4858
991, -13.0564, 197.513, 31.4969
991, -13.1659, 197.179, 31.3296
991, -13.1994, 197.078, 31.2849
991, -13.0969, 196.617, 31.0652
991, -13.0838, 196.302, 30.7188
991, -13.0743, 196.135, 30.3918
991, -13.1499, 196.088, 30.1226
991, -13.212, 196.131, 29.8933
991, -13.2907, 196.333, 29.7731
991, -13.354, 196.493, 29.6785
991, -13.3656, 196.632, 29.5708
991, -13.3446, 196.749, 29.4539
991, -13.3356, 196.905, 29.3657
991, -13.4073, 197.092, 29.3006
991, -13.4147, 197.299, 29.2182
991, -13.468, 197.498, 29.1043
991, -13.5357, 197.648, 28.9896
991, -13.5864, 197.731, 28.9102
991, -13.6256, 197.813, 28.8239
991, -13.6513, 197.918, 28.7157
991, -13.6569, 198.04, 28.6289
991, -13.7156, 198.204, 28.5244
991, -13.7814, 198.364, 28.4246
991, -13.8462, 198.515, 28.3296
991, -13.8959, 198.653, 28.237
991, -13.9438, 198.792, 28.1395
991, -13.9776, 198.916, 28.0515
991, -13.9841, 199.029, 27.9597
991, -13.9982, 199.132, 27.8746
