1531, -60.0371, 291.124, 35.6109
1531, -60.0406, 291.143, 35.5955
1531, -60.0433, 291.153, 35.5863
1531, -60.0499, 291.156, 35.5795
1531, -60.0647, 291.152, 35.5762
1531, -60.0978, 291.156, 35.5728
1531, -60.1239, 291.16, 35.5681
1531, -60.1573, 291.161, 35.574
1531, -60.1866, 291.164, 35.577
1531, -60.2114, 291.165, 35.573
1531, -60.2313, 291.165, 35.5687
1531, -60.2625, 291.158, 35.5682
1531, -60.3076, 291.143, 35.5702
1531, -60.3477, 291.128, 35.5719
1531, -60.3798, 291.102, 35.5744
1531, -60.4077, 291.076, 35.5768
1531, -60.4352, 291.042, 35.5828
1531, -60.4635, 291.002, 35.591
1531, -60.4952, 290.969, 35.5936
1531, -60.5205, 290.944, 35.5941
1531, -60.5427, 290.867, 35.6158
1531, -60.5566, 290.774, 35.6447
1531, -60.5502, 290.658, 35.6915
1531, -60.5425, 290.566, 35.7282
1531, -60.5373, 290.486, 35.7756
1531, -60.5291, 290.423, 35.8171
1531, -60.5576, 290.386, 35.8726
1531, -60.5931, 290.347, 35.9412
1531, -60.6344, 290.342, 36.0078
1531, -60.7043, 290.338, 36.0893
1531, -60.8038, 290.336, 36.1796
1531, -60.8782, 290.341, 36.2543
1531, -60.9405, 290.364, 36.2907
1531, -60.99, 290.404, 36.356
1531, -61.0425, 290.442, 36.399
1531, -61.0919, 290.494, 36.4499
1531, -61.1189, 290.541, 36.5133
1531, -61.1472, 290.61, 36.5501
1531, -61.1635, 290.882, 36.5103
1531, -61.1737, 291.253, 36.4241
1531, -61.0877, 291.616, 36.2717
1531, -60.8693, 292.004, 36.1142
1531, -60.3806, 292.332, 35.8669
1531, -59.8151, 293.342, 35.4826
1531, -59.1353, 293.943, 34.8704
1531, -58.1891, 294.41, 34.2039
1531, -57.0008, 294.733, 33.5564
1531, -55.548, 296.463, 32.9929
1531, -54.1493, 297.913, 32.5356
1531, -52.7495, 298.974, 32.1745
1531, -51.2182, 299.998, 31.8012
1531, -49.4239, 301.421, 31.0476
1531, -47.7169, 302.669, 30.4646
1531, -45.8632, 303.79, 29.8659
1531, -43.9057, 304.787, 29.3739
1531, -41.7307, 305.727, 29.0399
1531, -39.6263, 306.743, 28.6241
1531, -37.5795, 307.722, 28.1322
1531, -35.5449, 308.61, 27.5956
1531, -33.3552, 309.483, 27.0516
1531, -31.1496, 310.38, 26.5543
1531, -28.7513, 311.064, 26.1039
1531, -26.358, 311.908, 25.7503
1531, -24.0831, 312.647, 25.5682
1531, -21.6154, 313.412, 25.2275
1531, -19.4125, 314.123, 25.0596
1531, -16.7916, 314.288, 25.0454
1531, -14.0383, 313.527, 24.9706
1531, -11.8338, 312.634, 24.4835
1531, -9.26843, 311.808, 24.6381
1531, -6.66173, 310.527, 25.3925
1531, -4.58852, 307.977, 24.9069
1531, -3.10244, 306.332, 24.4434
1531, -1.69273, 304.189, 23.8562
1531, -0.217512, 301.762, 23.2422
1531, 1.16235, 299.383, 22.6586
1531, 2.42537, 296.757, 22.0571
1531, 4.04123, 292.9, 21.4323
1531, 5.34196, 289.215, 20.7065
1531, 6.26191, 286.021, 20.2694
1531, 7.14954, 281.472, 19.8916
1531, 7.84305, 277.288, 19.9222
1531, 8.24458, 274.397, 20.0075
1531, 8.69157, 269.87, 20.359
1531, 8.89279, 269.432, 20.9431
1531, 9.0801, 265.9, 21.5366
1531, 9.35015, 263.106, 21.6327
1531, 9.05525, 259.037, 21.5551
1531, 8.43492, 254.426, 21.3001
1531, 7.69094, 249.861, 22.2912
1531, 6.66949, 245.227, 23.2953
1531, 5.47217, 239.691, 24.6366
1531, 4.395, 233.821, 26.912
1531, 3.27331, 228.628, 29.3397
1531, 1.78475, 222.556, 32.2711
1531, 0.0862498, 218.715, 33.6526
1531, -1.70785, 215.047, 34.789
1531, -3.68541, 209.96, 35.7839
1531, -6.02372, 205.222, 36.4286
1531, -8.84224, 200.556, 37.6704
1531, -11.0583, 195.805, 39.2699
1531, -13.6389, 192.1, 40.7684
1531, -16.6871, 186.881, 42.6381
1531, -20.312, 182.747, 43.752
1531, -23.8526, 179.661, 45.1833
1531, -27.6618, 176.798, 46.9892
1531, -31.6198, 173.678, 48.9732
1531, -34.5241, 169.292, 51.4501
1531, -37.9645, 165.57, 54.1218
1531, -40.7679, 162.75, 55.7715
1531, -44.1214, 160.233, 57.5432
1531, -47.0378, 158.782, 58.8508
1531, -50.2811, 158.05, 60.184
1531, -52.8319, 157.657, 60.9808
1531, -55.5029, 157.994, 61.5952
1531, -58.0649, 158.263, 62.0987
1531, -60.5369, 159.069, 62.6634
1531, -63.0082, 160.518, 64.2497
1531, -65.4208, 162.285, 65.0892
1531, -67.515, 164.185, 65.3214
1531, -69.4176, 165.809, 65.3174
1531, -70.6375, 167.829, 65.1917
1531, -72.3147, 170.218, 65.114
1531, -73.7139, 171.572, 64.1213
1531, -76.7228, 178.177, 61.4669
1531, -77.1481, 179.623, 61.0393
1531, -76.9234, 181.09, 59.9852
1531, -76.665, 182.296, 59.126
1531, -76.1529, 184.137, 58.3457
1531, -75.375, 186.821, 57.375
1531, -73.8263, 189.761, 57.2103
1531, -72.1839, 191.66, 56.9842
1531, -70.2802, 193.168, 56.7042
1531, -67.9449, 194.375, 56.5543
1531, -65.055, 194.914, 56.4406
1531, -62.351, 195.691, 56.1433
1531, -59.9914, 196.491, 55.7109
1531, -57.0315, 197.191, 55.064
1531, -53.6708, 197.688, 54.5184
1531, -50.3674, 198.18, 53.5465
1531, -46.8037, 198.605, 52.6055
1531, -42.928, 198.648, 51.6599
1531, -38.7904, 198.428, 50.4612
1531, -35.0325, 197.517, 49.2395
1531, -31.3419, 196.34, 48.3977
1531, -27.653, 195.162, 47.8581
1531, -23.6904, 192.407, 47.8985
1531, -20.4267, 190.728, 47.4155
1531, -17.2023, 189.072, 46.7156
1531, -13.4821, 187.861, 46.2879
1531, -10.3875, 185.494, 45.7756
1531, -7.46941, 183.442, 45.3449
1531, -4.43221, 180.117, 45.1814
1531, -1.61688, 177.964, 45.1468
1531, 0.653342, 175.887, 45.2189
1531, 2.90996, 173.751, 45.1543
1531, 4.98942, 173.064, 44.7885
1531, 6.71071, 171.276, 44.1508
1531, 8.35198, 169.645, 43.3023
1531, 10.7833, 170.177, 42.844
1531, 12.4479, 170.635, 42.5837
1531, 14.9109, 171.86, 43.3801
1531, 16.5774, 172.358, 44.2103
1531, 18.2612, 173.515, 44.4308
1531, 18.7598, 173.31, 44.3913
1531, 19.6926, 174.04, 44.9651
1531, 20.0623, 173.496, 44.7101
1531, 21.1715, 173.283, 44.079
1531, 22.1891, 173.401, 43.4084
1531, 22.8385, 173.597, 42.964
1531, 23.0739, 174.668, 43.2775
1531, 24.1509, 178.163, 45.1505
1531, 23.9952, 178.016, 45.1234
1531, 23.9613, 178.289, 45.0327
1531, 24.4101, 180.435, 45.4218
1531, 24.4623, 182.028, 46.1202
1531, 24.311, 183.066, 46.5978
1531, 24.2794, 184.08, 46.909
1531, 24.3439, 184.764, 46.8737
1531, 24.4064, 185.452, 46.6559
1531, 24.3717, 185.757, 46.7559
1531, 24.0366, 185.905, 46.6627
1531, 23.8917, 186.099, 46.6403
1531, 23.8013, 186.174, 46.6182
1531, 23.4631, 184.691, 45.7045
1531, 22.8649, 183.156, 44.7647
1531, 22.5614, 182.626, 44.1754
1531, 22.4556, 182.489, 43.7308
1531, 22.388, 182.504, 43.4803
1531, 22.2334, 182.595, 43.341
1531, 21.9259, 183.135, 43.8832
1531, 21.1313, 184.563, 45.2279
1531, 20.3262, 184.596, 45.6978
1531, 19.8964, 184.497, 45.8199
1531, 19.5877, 184.029, 46.3211
1531, 19.4699, 184.304, 46.3148
1531, 19.4824, 184.642, 46.2503
1531, 19.4752, 184.887, 46.1067
