1531, -46.178, 311.505, 22.9326
1531, -46.1644, 311.532, 22.9216
1531, -46.1552, 311.546, 22.915
1531, -46.1424, 311.565, 22.9134
1531, -46.1149, 311.601, 22.9113
1531, -46.079, 311.633, 22.9052
1531, -46.0455, 311.659, 22.8987
1531, -46.0266, 311.673, 22.8938
1531, -46.0065, 311.674, 22.8888
1531, -45.9846, 311.666, 22.8677
1531, -45.9481, 311.649, 22.8256
1531, -45.962, 311.618, 22.7287
1531, -45.9538, 311.579, 22.6581
1531, -45.6458, 311.399, 22.6822
1531, -45.5012, 311.296, 22.6645
1531, -45.4373, 311.227, 22.6288
1531, -45.3932, 311.159, 22.5889
1531, -45.3436, 311.1, 22.549
1531, -45.2868, 311.034, 22.5079
1531, -45.2303, 310.974, 22.4568
1531, -45.2015, 310.93, 22.4186
1531, -45.1656, 310.883, 22.3709
1531, -45.1469, 310.859, 22.3563
1531, -45.1222, 310.837, 22.3452
1531, -45.0976, 310.813, 22.3373
1531, -45.0783, 310.788, 22.3389
1531, -45.0625, 310.759, 22.3432
1531, -45.0391, 310.731, 22.3362
1531, -44.9316, 310.669, 22.3953
1531, -44.912, 310.636, 22.4224
1531, -44.8228, 310.635, 22.4131
1531, -44.6972, 310.653, 22.3971
1531, -44.5479, 310.634, 22.3808
1531, -44.2592, 310.597, 22.3327
1531, -43.8784, 310.55, 22.2473
1531, -43.5289, 310.578, 22.1398
1531, -42.9907, 310.483, 21.9227
1531, -42.2744, 310.304, 21.8014
1531, -41.3984, 309.968, 21.5823
1531, -40.3117, 309.705, 21.2141
1531, -39.2095, 309.339, 20.8685
1531, -37.9975, 309.082, 20.5073
1531, -36.888, 308.478, 19.8296
1531, -35.5216, 307.725, 19.3384
1531, -34.1288, 307.219, 18.8602
1531, -32.4815, 306.466, 18.0297
1531, -31.0148, 306.297, 17.4417
1531, -29.4297, 305.99, 16.9678
1531, -27.5953, 305.675, 16.5092
1531, -25.4884, 305.557, 16.1308
1531, -23.3515, 305.551, 15.7911
1531, -21.1945, 305.232, 15.6545
1531, -18.6682, 305.201, 16.2189
1531, -16.3038, 305.244, 16.6002
1531, -14.4269, 304.303, 16.4519
1531, -12.3721, 303.523, 16.5198
1531, -10.6904, 302.985, 16.2912
1531, -8.98448, 302.336, 16.2341
1531, -7.17557, 301.31, 16.1415
1531, -5.45137, 300.155, 16.2252
1531, -3.42554, 298.87, 16.7528
1531, -2.19173, 297.334, 16.5832
1531, -1.18188, 295.686, 16.1719
1531, 0.373538, 292.852, 16.1608
1531, 1.43734, 290.899, 16.1444
1531, 2.59587, 288.992, 16.299
1531, 3.75298, 286.083, 16.5214
1531, 4.54734, 283.221, 16.369
1531, 5.10622, 279.947, 16.3459
1531, 5.43694, 277.864, 16.4356
1531, 5.57811, 276.345, 16.5201
1531, 5.66265, 273.618, 16.9825
1531, 5.4009, 270.265, 17.1588
1531, 4.21104, 268.341, 19.5419
1531, 3.38295, 266.902, 21.0557
1531, 2.66773, 265.058, 23.0825
1531, 1.78249, 263.775, 23.9847
1531, 0.894747, 262.727, 24.1604
1531, -0.341986, 261.294, 24.2888
1531, -1.95328, 259.482, 24.5007
1531, -4.03455, 256.813, 24.9546
1531, -6.56382, 253.357, 25.1813
1531, -8.81706, 250.97, 25.8012
1531, -10.8629, 249.127, 26.3632
1531, -13.1885, 247.51, 26.8434
1531, -15.6879, 246.631, 28.006
1531, -18.4001, 245.39, 29.2917
1531, -21.1748, 244.427, 30.4474
1531, -23.6695, 244.03, 31.5381
1531, -26.0933, 243.513, 32.3859
1531, -28.3209, 243.113, 33.1292
1531, -30.4301, 242.98, 33.8839
1531, -32.5779, 243.227, 34.5668
1531, -34.6199, 243.434, 35.0566
1531, -36.4752, 243.775, 35.4764
1531, -37.99, 243.981, 35.7978
1531, -39.304, 244.247, 35.9233
1531, -40.6005, 244.808, 36.0595
1531, -41.5438, 245.241, 36.1998
1531, -42.3841, 245.66, 36.2908
1531, -42.9695, 245.942, 36.3619
1531, -43.2528, 246.12, 36.3632
1531, -43.4354, 246.242, 36.3697
1531, -43.1218, 246.984, 36.1012
1531, -42.3111, 248.551, 35.7445
1531, -41.9327, 249.165, 35.4732
1531, -40.4733, 249.685, 34.3446
1531, -38.4498, 249.393, 33.4503
1531, -36.2066, 249.507, 33.3092
1531, -34.3277, 249.835, 33.4096
1531, -32.4455, 250.165, 33.662
1531, -30.2741, 250.422, 33.8825
1531, -28.1517, 250.127, 33.9452
1531, -26.0318, 250.022, 34.0578
1531, -23.8754, 250.012, 34.3798
1531, -21.5311, 250.084, 34.3763
1531, -19.3089, 249.624, 34.1816
1531, -17.0001, 248.38, 33.5857
1531, -14.8789, 247.645, 33.3088
1531, -13.0179, 246.584, 32.9069
1531, -11.1019, 245.844, 32.8131
1531, -9.24033, 245.249, 32.8349
1531, -7.45464, 244.842, 33.5004
1531, -5.81256, 244.771, 33.6786
1531, -4.51072, 244.722, 33.9566
1531, -3.35335, 243.868, 34.1618
1531, -2.19111, 243.4, 34.7559
1531, -1.2528, 242.661, 34.7026
1531, -0.68394, 242.196, 34.7427
1531, -0.0324124, 241.702, 34.8355
1531, 0.74305, 240.912, 34.9746
1531, 1.49522, 239.868, 35.241
1531, 2.16692, 239.008, 35.7577
1531, 2.87496, 236.969, 36.8062
1531, 3.10192, 235.288, 37.7404
1531, 3.06313, 233.701, 38.868
1531, 2.68971, 231.748, 39.9362
1531, 1.87099, 229.972, 40.8105
1531, 0.851795, 227.974, 41.8685
1531, -0.466698, 225.892, 42.8235
1531, -2.1716, 223.505, 43.6698
1531, -4.07879, 221.401, 44.1898
1531, -6.1966, 218.745, 44.449
1531, -8.51821, 216.886, 45.0951
1531, -11.1235, 214.797, 45.3876
1531, -13.4733, 212.112, 45.2165
1531, -16.371, 209.374, 44.5685
1531, -19.3001, 207.326, 45.5567
1531, -22.1564, 204.375, 46.274
1531, -25.2549, 201.344, 48.0592
1531, -28.8093, 198.323, 49.6719
1531, -33.1854, 195.985, 50.9214
1531, -36.8166, 193.271, 51.795
1531, -40.3141, 191.542, 52.4109
1531, -45.5241, 189.872, 53.2026
1531, -50.3028, 187.652, 53.9711
1531, -55.4626, 186.167, 54.791
1531, -59.4276, 185.679, 55.6454
1531, -63.0304, 185.401, 56.3798
1531, -67.1353, 185.159, 57.1828
1531, -70.8654, 184.047, 57.2347
1531, -73.9458, 183.575, 57.3166
1531, -77.95, 183.21, 57.1533
1531, -82.7088, 183.625, 57.4873
1531, -85.4444, 184.014, 57.9051
1531, -87.293, 184.417, 58.0722
1531, -88.6901, 184.726, 58.0721
1531, -90.9103, 185.334, 58.1972
1531, -92.7368, 186.154, 59.6559
1531, -93.7287, 186.971, 60.1921
1531, -95.1017, 188.108, 60.4358
1531, -96.0936, 190.84, 62.9812
1531, -96.7018, 192.796, 64.6404
1531, -96.1844, 193.903, 65.2338
1531, -95.6985, 194.991, 64.7332
1531, -95.5425, 195.803, 64.3513
1531, -95.4029, 196.286, 64.0948
1531, -95.3316, 196.835, 63.8696
1531, -95.241, 197.283, 63.6553
1531, -94.9912, 197.729, 63.3768
1531, -94.7994, 197.988, 63.1925
1531, -94.5288, 198.276, 62.997
1531, -94.2729, 198.578, 62.7972
1531, -94.0192, 198.923, 62.5675
1531, -93.3089, 199.424, 62.1688
1531, -92.7224, 199.846, 61.8429
