1611, 12.0593, 308.381, -14.98
1611, 12.0634, 308.382, -14.9756
1611, 12.0638, 308.383, -14.9717
1611, 12.0635, 308.381, -14.9659
1611, 12.0701, 308.369, -14.9632
1611, 12.0761, 308.351, -14.9618
1611, 12.0848, 308.335, -14.9597
1611, 12.0953, 308.32, -14.9593
1611, 12.1066, 308.309, -14.9597
1611, 12.1255, 308.308, -14.9621
1611, 12.1453, 308.308, -14.9672
1611, 12.1891, 308.335, -14.9715
1611, 12.2401, 308.374, -14.9775
1611, 12.2962, 308.417, -14.9868
1611, 12.3525, 308.466, -14.9942
1611, 12.4244, 308.545, -15.0056
1611, 12.4845, 308.615, -15.015
1611, 12.5698, 308.728, -15.0316
1611, 12.6511, 308.841, -15.0483
1611, 12.7319, 308.944, -15.0657
1611, 12.8167, 309.063, -15.0792
1611, 12.9049, 309.201, -15.0934
1611, 12.9892, 309.345, -15.1078
1611, 13.0677, 309.453, -15.1271
1611, 13.1312, 309.533, -15.1469
1611, 13.2103, 309.609, -15.1625
1611, 13.2851, 309.694, -15.1769
1611, 13.3636, 309.793, -15.1914
1611, 13.4136, 309.859, -15.2046
1611, 13.4412, 309.888, -15.2188
1611, 13.4689, 309.909, -15.2322
1611, 13.4906, 309.926, -15.2445
1611, 13.5082, 309.941, -15.2657
1611, 13.5115, 309.915, -15.3157
1611, 13.4873, 309.88, -15.374
1611, 13.4073, 309.809, -15.4481
1611, 13.3303, 309.771, -15.5088
1611, 13.1677, 309.731, -15.5455
1611, 12.9123, 309.735, -15.5797
1611, 12.3798, 309.701, -15.6478
1611, 11.7727, 309.734, -15.6753
1611, 10.9067, 309.714, -15.706
1611, 9.94441, 309.57, -15.7814
1611, 8.79016, 309.501, -15.8096
1611, 7.42229, 309.517, -15.7528
1611, 5.7419, 309.531, -15.5157
1611, 3.89048, 309.639, -15.0679
1611, 1.8491, 310.009, -14.6809
1611, -0.0591412, 310.453, -14.2967
1611, -2.08624, 310.578, -14.0055
1611, -4.21811, 310.642, -13.7287
1611, -6.40177, 310.131, -13.3551
1611, -8.42455, 310.024, -12.8779
1611, -10.6738, 309.945, -12.4565
1611, -12.8918, 309.652, -12.1063
1611, -15.0085, 309.613, -11.8016
1611, -17.166, 310.088, -11.3458
1611, -19.5688, 310.774, -10.9413
1611, -21.8591, 311.243, -10.3984
1611, -23.9084, 311.692, -9.82798
1611, -25.6352, 311.942, -9.11606
1611, -27.3427, 312.195, -8.23418
1611, -29.3448, 312.058, -7.67389
1611, -31.0992, 312.392, -6.84236
1611, -32.6572, 312.549, -6.19926
1611, -33.9635, 312.655, -5.61883
1611, -35.3583, 312.65, -5.06854
1611, -36.5855, 313.187, -4.75405
1611, -37.563, 313.369, -4.43991
1611, -38.3328, 313.468, -4.19848
1611, -39.1049, 313.65, -3.91441
1611, -39.6141, 313.789, -3.6125
1611, -40.0389, 313.637, -3.46449
1611, -40.372, 313.459, -3.29609
1611, -40.779, 313.264, -3.12415
1611, -41.0862, 313.029, -3.01277
1611, -41.3523, 312.661, -2.91959
1611, -41.5781, 312.281, -2.84877
1611, -41.7631, 311.972, -2.79264
1611, -41.9335, 311.795, -2.69473
1611, -42.0259, 311.642, -2.61463
1611, -42.0358, 311.509, -2.53648
1611, -41.9251, 311.138, -2.34391
1611, -41.8505, 311.051, -2.28922
1611, -41.7187, 310.982, -2.19496
1611, -41.6002, 310.846, -2.09293
1611, -41.3824, 310.667, -1.94645
1611, -41.1351, 310.355, -1.94431
1611, -40.9431, 310.055, -1.94045
1611, -40.6862, 309.715, -1.92859
1611, -40.3726, 309.35, -1.90673
1611, -40.105, 308.932, -1.88821
1611, -39.7534, 308.461, -1.82976
1611, -39.4606, 308.025, -1.76254
1611, -39.0047, 307.434, -1.6054
1611, -38.5763, 306.79, -1.36713
1611, -38.1113, 306.121, -1.13073
1611, -37.773, 305.404, -0.852575
1611, -37.3549, 304.734, -0.289069
1611, -36.9676, 303.987, 0.293817
1611, -36.6738, 303.27, 0.846635
1611, -36.3689, 302.234, 1.32716
1611, -36.2012, 300.882, 1.70177
1611, -35.9981, 298.913, 2.11548
1611, -35.8345, 296.916, 2.3966
1611, -35.7385, 295.182, 2.71554
1611, -35.6562, 293.472, 3.06532
1611, -35.735, 291.896, 3.4734
1611, -35.8324, 289.272, 4.06464
1611, -35.9916, 287.218, 4.55853
1611, -36.3862, 285.549, 4.8973
1611, -36.6249, 283.978, 5.36743
1611, -36.8007, 282.407, 5.84837
1611, -36.8485, 280.463, 6.66926
1611, -36.9639, 278.286, 7.38154
1611, -37.0776, 276.285, 7.9975
1611, -37.2173, 274.579, 8.51675
1611, -37.3984, 272.974, 9.03417
1611, -37.4563, 271.056, 9.70235
1611, -37.5395, 269.046, 10.2919
1611, -37.6024, 267.403, 10.6909
1611, -37.5332, 265.801, 11.1982
1611, -37.4404, 264.335, 12.0416
1611, -37.4206, 262.734, 12.8617
1611, -37.4899, 261.547, 13.9237
1611, -37.6561, 260.386, 14.89
1611, -37.7391, 259.585, 15.4726
1611, -37.9405, 258.841, 15.8461
1611, -38.1335, 258.083, 16.0994
1611, -38.3462, 257.28, 16.2964
1611, -38.4171, 256.497, 16.5988
1611, -38.4709, 255.893, 17.0789
1611, -38.4851, 255.506, 17.8205
1611, -38.5532, 255.064, 18.2959
1611, -38.6635, 254.565, 18.5217
1611, -38.7374, 254.224, 18.5764
1611, -38.7932, 254.007, 18.6135
1611, -38.8155, 253.829, 18.7018
1611, -38.8392, 253.641, 18.8051
1611, -38.8517, 253.484, 18.8876
1611, -38.841, 253.363, 18.9384
1611, -38.811, 253.307, 18.9698
1611, -38.754, 253.263, 18.9885
1611, -38.6845, 253.251, 18.9847
1611, -38.5125, 253.34, 19.0082
1611, -38.2996, 253.424, 19.0133
1611, -37.9961, 253.808, 18.9662
1611, -37.6263, 254.223, 18.9077
1611, -37.2052, 254.778, 18.9171
1611, -36.6537, 255.306, 18.6665
1611, -35.8429, 255.977, 18.3393
1611, -35.1581, 256.425, 17.988
1611, -34.5152, 256.75, 17.7094
1611, -33.7178, 257.327, 17.762
1611, -33.031, 257.594, 17.3757
1611, -32.1589, 258.669, 17.3361
1611, -31.2521, 259.162, 16.7656
1611, -30.3081, 259.281, 15.9782
1611, -29.3529, 259.251, 15.3719
1611, -28.4298, 259.195, 14.8679
1611, -27.4571, 259.085, 14.4884
1611, -26.4734, 259.062, 14.115
1611, -25.3858, 259.086, 13.7188
1611, -24.2556, 259.221, 13.279
1611, -23.1208, 259.402, 12.8004
1611, -21.8737, 259.592, 12.3897
1611, -20.656, 259.719, 12.0365
1611, -19.3472, 259.836, 11.7418
1611, -17.9194, 259.759, 11.219
1611, -16.4689, 259.892, 10.7135
1611, -15.0576, 259.814, 10.3647
1611, -13.6507, 259.725, 10.0294
1611, -12.3017, 259.821, 9.73235
1611, -10.9062, 259.937, 9.46617
1611, -9.43708, 259.947, 9.22386
1611, -8.11343, 259.944, 8.93336
1611, -6.65332, 259.866, 8.64098
1611, -5.18286, 259.654, 8.30942
1611, -3.77257, 259.522, 8.0557
1611, -2.31377, 259.138, 8.01771
1611, -0.878716, 258.879, 8.02055
1611, 0.516565, 258.828, 7.91081
1611, 2.08372, 258.389, 8.00151
1611, 3.49814, 257.975, 8.06154
1611, 4.86315, 257.494, 8.17307
1611, 6.2243, 257.081, 8.15413
1611, 7.62337, 256.604, 8.12865
1611, 9.11154, 255.981, 8.22479
1611, 10.497, 255.602, 8.26827
1611, 11.9461, 255.112, 8.35993
1611, 13.1699, 254.556, 8.43296
1611, 14.1846, 255.136, 8.95447
1611, 15.5561, 254.489, 9.48434
1611, 16.7253, 254.142, 9.91805
1611, 17.7522, 253.416, 10.2469
1611, 18.849, 251.936, 10.4903
1611, 19.9229, 250.638, 10.5592
1611, 20.8681, 249.524, 10.6177
1611, 21.72, 248.637, 10.7451
1611, 22.5341, 247.728, 11.1474
1611, 23.4714, 246.586, 12.1956
1611, 24.422, 244.774, 12.8846
1611, 25.279, 243.285, 13.7476
1611, 25.925, 242.267, 14.5018
1611, 26.1893, 241.847, 15.9534
1611, 26.4473, 240.853, 16.1552
1611, 26.6664, 239.525, 16.7089
1611, 27.0358, 235.18, 18.4505
1611, 27.0187, 234.091, 18.8108
1611, 26.9947, 232.138, 19.1239
1611, 26.8499, 230.867, 19.2718
1611, 26.6406, 228.964, 19.7293
1611, 26.3752, 227.126, 20.3182
1611, 26.0563, 225.334, 20.9898
1611, 25.8505, 223.028, 22.1812
1611, 25.5682, 221.196, 23.3442
1611, 25.243, 219.585, 24.312
1611, 24.9776, 218, 25.3983
1611, 24.7579, 216.448, 26.7482
1611, 24.2497, 214.763, 27.6818
1611, 23.612, 212.842, 28.4737
1611, 22.8354, 210.816, 29.1846
1611, 21.7673, 208.46, 29.8496
1611, 20.8166, 206.479, 30.4934
1611, 19.7451, 204.61, 31.1243
1611, 18.7004, 203.271, 32.4141
1611, 17.1196, 201.044, 33.2952
1611, 15.3167, 198.626, 34.1906
1611, 13.6322, 196.428, 34.8341
1611, 11.845, 193.736, 35.545
1611, 10.0528, 191.407, 36.1549
1611, 8.40112, 190.641, 36.8241
1611, 6.18864, 189.322, 37.2533
1611, 4.26054, 188.371, 38.0239
1611, 2.34726, 186.386, 39.1442
1611, 0.0693255, 183.837, 40.2106
1611, -2.13779, 182.474, 41.088
1611, -4.24978, 181.122, 41.4188
1611, -6.20426, 180.064, 42.1577
1611, -8.24463, 179.033, 43.1082
1611, -10.7546, 178.159, 43.8227
1611, -13.228, 176.809, 44.7367
1611, -15.4409, 176.742, 45.3475
1611, -17.3471, 176.683, 45.7744
1611, -19.4667, 176.802, 46.4137
1611, -20.8527, 176.37, 46.9552
1611, -22.015, 175.255, 47.6096
1611, -24.8827, 174.425, 48.5505
1611, -27.7581, 174.475, 50.4523
1611, -30.082, 174.22, 51.4365
1611, -32.1541, 173.852, 52.2576
1611, -34.304, 172.802, 53.4685
1611, -36.6238, 171.644, 54.5944
1611, -38.4949, 170.643, 55.8299
1611, -40.4808, 170.051, 56.6852
1611, -42.0873, 169.845, 57.209
1611, -43.4808, 169.214, 57.8954
1611, -44.9966, 168.857, 58.4637
1611, -46.6747, 168.485, 58.7594
1611, -48.1912, 168.106, 58.9909
1611, -49.6469, 167.873, 59.1497
1611, -50.7762, 167.543, 59.1855
1611, -52.3749, 167.105, 59.3674
1611, -53.9315, 166.859, 59.3272
1611, -55.1617, 166.501, 59.6431
1611, -56.1273, 166.265, 60.0096
1611, -56.8777, 166.129, 60.1955
1611, -57.785, 165.887, 60.3624
1611, -58.7393, 165.706, 60.5105
1611, -59.4733, 165.623, 60.5921
1611, -60.2238, 165.557, 60.6406
1611, -60.7855, 165.546, 60.6975
1611, -61.2081, 165.468, 60.7531
1611, -61.6593, 165.405, 60.9478
1611, -62.1657, 165.187, 61.1674
1611, -62.6034, 165.2, 61.267
1611, -63.0249, 165.331, 61.4028
1611, -63.4146, 165.584, 61.5834
1611, -63.6509, 165.771, 61.6471
1611, -63.8284, 165.879, 61.7073
1611, -63.9552, 165.819, 61.8135
1611, -64.1213, 165.794, 61.8841
1611, -64.289, 165.838, 61.914
1611, -64.436, 165.891, 61.912
