1611, -10.8167, 305.123, -2.86206
1611, -10.7222, 305.236, -2.85709
1611, -10.6162, 305.38, -2.83463
1611, -10.5067, 305.534, -2.81346
1611, -10.4164, 305.643, -2.7933
1611, -10.3349, 305.73, -2.76509
1611, -10.2334, 305.845, -2.72571
1611, -10.1374, 305.974, -2.69551
1611, -10.0244, 306.088, -2.66668
1611, -9.95129, 306.145, -2.6359
1611, -9.88161, 306.175, -2.61774
1611, -9.7844, 306.182, -2.60948
1611, -9.67858, 306.182, -2.60832
1611, -9.57362, 306.164, -2.61293
1611, -9.44179, 306.189, -2.61154
1611, -9.28662, 306.224, -2.61351
1611, -9.13509, 306.255, -2.61546
1611, -9.00619, 306.269, -2.62155
1611, -8.8939, 306.259, -2.63023
1611, -8.79577, 306.254, -2.63826
1611, -8.70732, 306.247, -2.64643
1611, -8.63413, 306.228, -2.65371
1611, -8.55911, 306.198, -2.66352
1611, -8.48396, 306.181, -2.67347
1611, -8.41769, 306.168, -2.68167
1611, -8.35679, 306.163, -2.68907
1611, -8.30629, 306.147, -2.69771
1611, -8.25617, 306.119, -2.71013
1611, -8.18486, 306.081, -2.71929
1611, -8.12482, 306.049, -2.72649
1611, -8.07671, 305.986, -2.73457
1611, -8.04658, 305.946, -2.74241
1611, -8.04228, 305.931, -2.7454
1611, -8.04245, 305.931, -2.74801
1611, -8.04388, 306.015, -2.75226
1611, -8.06745, 306.143, -2.75494
1611, -8.13219, 306.352, -2.7597
1611, -8.3946, 306.434, -2.77084
1611, -8.79283, 306.712, -2.72274
1611, -9.35511, 306.805, -2.72665
1611, -10.2548, 306.795, -2.93537
1611, -11.2537, 306.925, -2.96706
1611, -12.4254, 307.067, -2.93974
1611, -14.0021, 307.078, -3.08672
1611, -15.4565, 307.153, -3.00216
1611, -17.1206, 307.305, -2.76818
1611, -18.9882, 307.491, -2.48221
1611, -21.0821, 307.657, -2.08199
1611, -23.2154, 307.7, -1.69568
1611, -25.6038, 307.748, -1.27883
1611, -27.9916, 307.869, -0.697588
1611, -30.5687, 308.271, 0.159749
1611, -33.1932, 308.891, 0.993947
1611, -35.7932, 309.126, 1.78831
1611, -38.3279, 309.616, 2.94067
1611, -40.9966, 309.815, 3.89946
1611, -43.4836, 309.772, 4.71599
1611, -45.8071, 309.942, 5.62051
1611, -48.0326, 310.189, 6.57507
1611, -50.0005, 310.242, 7.49612
1611, -52.0002, 309.781, 8.41855
1611, -53.7528, 308.907, 9.22713
1611, -55.6107, 307.953, 10.2424
1611, -57.0766, 306.919, 11.0477
1611, -58.741, 304.943, 11.619
1611, -60.0364, 303.514, 12.2645
1611, -61.142, 301.957, 12.8044
1611, -62.042, 300.223, 13.3807
1611, -63.0152, 298.195, 14.2358
1611, -63.446, 296.319, 15.2387
1611, -63.4564, 294.682, 15.8434
1611, -63.4418, 293.586, 16.4792
1611, -63.2112, 292.474, 16.7895
1611, -62.9219, 290.824, 16.9445
1611, -62.3836, 288.271, 16.8055
1611, -61.4377, 284.53, 16.4611
1611, -60.4305, 281.413, 17.036
1611, -59.443, 279.458, 17.2921
1611, -58.0769, 276.884, 17.3171
1611, -56.7585, 274.364, 17.5281
1611, -55.2811, 272.169, 17.7727
1611, -53.8515, 269.878, 17.9391
1611, -51.9914, 266.594, 17.8617
1611, -50.1873, 263.094, 18.2649
1611, -48.451, 260.088, 18.2453
1611, -47.1638, 258.253, 18.1295
1611, -45.7097, 256.41, 18.0655
1611, -43.6965, 253.38, 18.0453
1611, -41.4982, 250.529, 18.2236
1611, -39.5658, 247.457, 18.3368
1611, -37.2092, 243.935, 18.4686
1611, -35.2513, 241.74, 18.621
1611, -33.0049, 239.253, 18.8101
1611, -30.8162, 236.698, 19.1488
1611, -28.6293, 234.271, 19.246
1611, -26.3073, 232.069, 19.339
1611, -23.8454, 230.225, 19.5943
1611, -21.2696, 228.43, 19.8577
1611, -18.9673, 226.712, 19.9644
1611, -16.5465, 224.55, 20.2502
1611, -7.27723, 216.953, 22.6285
1611, -5.66604, 216.119, 22.652
1611, -3.96974, 215.024, 22.6955
1611, -1.92068, 213.395, 23.1919
1611, 0.153809, 211.872, 23.3746
1611, 2.11331, 210.538, 23.373
1611, 4.16449, 209.057, 23.5421
1611, 6.11684, 207.56, 23.8149
1611, 8.07672, 206.339, 25.0623
1611, 9.85596, 205.576, 25.9218
1611, 11.2989, 204.651, 26.5073
1611, 12.5702, 203.466, 27.0383
1611, 13.4195, 202.366, 27.6289
1611, 14.1613, 200.87, 28.2644
1611, 14.6327, 198.894, 28.832
1611, 14.9031, 197.646, 29.374
1611, 14.978, 196.842, 29.8147
1611, 14.8979, 195.979, 30.3763
1611, 14.6508, 194.606, 31.2763
1611, 14.2237, 193.303, 32.5374
1611, 13.5928, 191.907, 33.7283
1611, 12.6145, 190.391, 35.191
1611, 11.5354, 188.91, 36.6339
1611, 9.42149, 186.931, 38.2286
1611, 7.04226, 185.748, 39.6133
1611, 4.66092, 184.725, 41.298
1611, 2.25183, 183.864, 42.7048
1611, -0.480415, 183.107, 43.9542
1611, -3.57716, 182.255, 44.6157
1611, -6.4009, 181.409, 45.4449
1611, -9.41157, 180.274, 47.0091
1611, -12.9406, 178.674, 48.169
1611, -16.3525, 177.907, 49.3503
1611, -19.7647, 177.822, 50.6398
1611, -23.353, 177.51, 51.8766
1611, -26.679, 176.731, 53.226
1611, -29.4511, 175.686, 56.4536
1611, -32.6527, 175.654, 57.5199
1611, -35.7813, 177.511, 58.0189
1611, -38.9555, 178.365, 58.7367
1611, -41.898, 178.945, 59.4104
1611, -44.7431, 179.698, 60.0622
1611, -47.9222, 180.44, 60.3338
1611, -50.8854, 181.268, 60.7405
1611, -53.3746, 182.308, 60.8737
1611, -55.9685, 182.831, 60.8176
1611, -58.1577, 183.401, 60.7179
1611, -60.3899, 184.631, 60.9272
1611, -62.7425, 186.319, 61.3282
1611, -64.4187, 187.673, 61.3262
1611, -66.4135, 189.857, 60.5906
1611, -68.2413, 191.737, 59.8968
1611, -69.1787, 192.89, 59.5706
1611, -69.8911, 193.63, 59.3466
1611, -71.0277, 195.456, 58.807
1611, -72.0263, 197.96, 58.3607
1611, -72.4113, 199.807, 57.6476
1611, -72.8513, 201.853, 56.8555
1611, -72.8749, 203.615, 55.9704
1611, -73.2621, 206.288, 54.9165
1611, -73.2871, 208.212, 53.9928
1611, -73.086, 210.043, 53.2112
1611, -72.6395, 211.776, 52.2202
1611, -72.0002, 214.147, 51.0985
1611, -71.329, 216.469, 49.9416
1611, -70.7425, 218.429, 48.4902
1611, -69.8106, 220.911, 47.7682
1611, -68.7314, 222.58, 46.9244
1611, -67.7012, 224.225, 45.9188
1611, -66.2707, 226.631, 45.1277
1611, -64.9924, 228.896, 44.0271
1611, -63.3999, 230.788, 42.4739
1611, -61.7652, 232.529, 41.2181
1611, -59.7884, 234.506, 39.6943
1611, -57.9124, 237.612, 38.4638
1611, -56.2155, 239.647, 37.6381
1611, -54.4606, 240.667, 36.7392
1611, -52.4587, 241.98, 35.7918
1611, -50.4239, 243.238, 34.0509
1611, -48.0989, 244.41, 32.6766
1611, -46.1819, 245.339, 31.318
1611, -44.2896, 246.192, 29.8666
1611, -42.5622, 247.204, 28.2567
1611, -40.754, 247.986, 26.6614
1611, -38.9208, 249.207, 24.8423
1611, -37.0905, 250.365, 23.3633
1611, -35.4732, 251.471, 21.9767
1611, -33.6575, 252.866, 20.4657
1611, -31.814, 254.385, 18.8918
1611, -30.0698, 255.895, 17.6146
1611, -28.1077, 258.129, 16.1795
1611, -26.1387, 259.822, 14.3044
1611, -24.1377, 261.439, 12.9454
1611, -22.4824, 262.955, 11.7702
1611, -20.6437, 264.207, 10.6411
1611, -19.0241, 265.751, 9.07492
1611, -17.3551, 267.04, 7.86975
1611, -16.0815, 268.311, 6.92216
1611, -14.7258, 269.938, 6.03579
1611, -13.5734, 271.572, 5.20299
1611, -12.3923, 273.266, 4.42998
1611, -11.588, 274.594, 3.42266
1611, -10.6323, 275.888, 2.6467
1611, -9.9327, 277.159, 2.08607
1611, -9.38621, 278.729, 1.53087
1611, -9.08512, 280.329, 1.00353
1611, -8.75971, 281.508, 0.18114
1611, -8.66292, 282.491, -0.641725
1611, -8.80081, 283.836, -1.34767
1611, -8.71649, 285.235, -1.74796
1611, -8.75067, 286.559, -1.99583
1611, -8.80781, 288.351, -2.16643
1611, -9.21627, 290.406, -2.47989
1611, -9.80612, 292.299, -2.58717
1611, -10.8782, 293.824, -2.50221
1611, -11.8531, 294.905, -2.67575
1611, -12.8858, 296.009, -2.75539
1611, -14.0686, 296.889, -2.78264
1611, -15.0942, 297.573, -2.73082
1611, -16.5268, 298.296, -2.70743
1611, -17.8913, 298.758, -2.63003
1611, -19.1218, 299.489, -2.46829
1611, -20.4813, 300.378, -2.22331
1611, -21.8025, 300.956, -1.92009
1611, -23.5145, 301.343, -1.5411
1611, -28.7716, 302.285, -0.488527
1611, -30.1543, 302.578, -0.209111
1611, -32.0446, 302.746, 0.171847
1611, -33.9585, 302.768, 0.605636
1611, -35.7143, 302.983, 1.0365
1611, -37.5895, 303.151, 1.5669
1611, -39.2203, 303.335, 2.09403
1611, -40.8342, 303.369, 2.72711
1611, -42.4785, 303.428, 3.29472
1611, -44.1179, 303.621, 4.05523
1611, -45.6898, 303.703, 4.71425
1611, -46.9959, 303.873, 5.34365
1611, -48.2373, 303.783, 5.87723
1611, -49.3167, 303.55, 6.3452
1611, -50.2712, 303.308, 6.79261
1611, -51.1756, 302.953, 7.21232
1611, -51.7766, 302.501, 7.64849
1611, -52.5104, 301.815, 8.21456
1611, -52.9478, 301.345, 8.6707
1611, -53.4836, 300.636, 9.0281
1611, -53.8876, 300.089, 9.33302
1611, -54.2222, 299.654, 9.56845
1611, -54.521, 299.243, 9.77275
