1611, -16.4839, 312.53, -13.5368
1611, -16.472, 312.515, -13.5486
1611, -16.4596, 312.505, -13.5636
1611, -16.4377, 312.504, -13.5801
1611, -16.4073, 312.51, -13.5976
1611, -16.3743, 312.524, -13.6161
1611, -16.3511, 312.525, -13.6313
1611, -16.3277, 312.526, -13.646
1611, -16.3072, 312.53, -13.6605
1611, -16.2808, 312.541, -13.6751
1611, -16.2407, 312.556, -13.6912
1611, -16.2249, 312.508, -13.7215
1611, -16.1753, 312.517, -13.7586
1611, -16.1419, 312.511, -13.7946
1611, -16.1276, 312.503, -13.8265
1611, -16.1144, 312.515, -13.8637
1611, -16.1355, 312.496, -13.8939
1611, -16.1781, 312.45, -13.9177
1611, -16.2204, 312.402, -13.9366
1611, -16.2541, 312.346, -13.9615
1611, -16.3149, 312.29, -14.0082
1611, -16.3806, 312.218, -14.068
1611, -16.4443, 312.149, -14.117
1611, -16.4928, 312.094, -14.1607
1611, -16.5191, 312.037, -14.2022
1611, -16.5394, 311.979, -14.2413
1611, -16.5514, 311.945, -14.2756
1611, -16.5584, 311.924, -14.3058
1611, -16.5644, 311.923, -14.3372
1611, -16.5772, 311.93, -14.3752
1611, -16.5939, 311.938, -14.4093
1611, -16.6048, 311.945, -14.4396
1611, -16.6016, 311.969, -14.4664
1611, -16.6084, 311.982, -14.487
1611, -16.6319, 311.988, -14.5097
1611, -16.6498, 311.996, -14.5377
1611, -16.7328, 311.937, -14.5834
1611, -16.8707, 311.921, -14.6385
1611, -17.0657, 311.881, -14.6899
1611, -17.2786, 311.991, -14.738
1611, -17.5742, 312.042, -14.7844
1611, -17.9185, 312.022, -14.8393
1611, -18.336, 312.033, -14.9018
1611, -18.6872, 312.066, -14.9434
1611, -19.0457, 312.043, -15.0371
1611, -19.3989, 312.011, -15.1289
1611, -19.8991, 312.233, -15.2587
1611, -20.3895, 312.572, -15.3698
1611, -20.7841, 312.79, -15.4473
1611, -21.1216, 312.908, -15.4695
1611, -21.5035, 312.967, -15.4863
1611, -21.8556, 312.968, -15.4993
1611, -22.2229, 313.102, -15.4724
1611, -22.8472, 313.177, -15.4727
1611, -23.4003, 313.271, -15.4489
1611, -24.3207, 313.533, -15.4033
1611, -25.3832, 313.629, -15.2298
1611, -26.5309, 314.029, -14.9093
1611, -27.7895, 314.149, -14.574
1611, -29.0051, 314.364, -14.2264
1611, -30.1685, 314.557, -13.8966
1611, -31.5076, 314.512, -13.4414
1611, -33.0162, 314.356, -12.9564
1611, -34.6264, 314.205, -12.4052
1611, -36.287, 314.101, -11.8351
1611, -37.8104, 314.101, -11.2857
1611, -42.0648, 313.689, -9.80728
1611, -43.1423, 313.504, -9.41702
1611, -44.4872, 313.233, -8.60327
1611, -45.8515, 312.56, -7.69805
1611, -47.3643, 311.705, -6.6012
1611, -49.035, 310.683, -5.62083
1611, -50.5827, 309.688, -4.82693
1611, -52.01, 308.016, -3.92437
1611, -53.4864, 306.345, -2.93312
1611, -54.8193, 304.702, -1.98823
1611, -56.201, 302.783, -1.01274
1611, -57.6146, 300.638, 0.0484052
1611, -58.8585, 298.243, 1.11333
1611, -59.967, 295.699, 2.21996
1611, -60.886, 293.352, 3.15567
1611, -61.7913, 290.753, 4.19836
1611, -62.6644, 288.531, 5.24424
1611, -63.3492, 285.728, 6.29135
1611, -63.7954, 282.698, 7.42767
1611, -64.171, 279.792, 8.59991
1611, -64.6329, 277.242, 9.60709
1611, -64.9222, 275.707, 10.2048
1611, -64.9651, 273.657, 11.0217
1611, -64.5259, 271.24, 11.9866
1611, -64.0074, 268.16, 12.8522
1611, -63.6096, 266.134, 13.4958
1611, -63.172, 264.69, 14.1897
1611, -62.6201, 263.123, 14.8268
1611, -61.9729, 260.651, 14.8886
1611, -61.161, 258.893, 15.7618
1611, -59.8776, 256.949, 16.7275
1611, -58.8238, 255.811, 17.1511
1611, -57.3195, 253.682, 17.8898
1611, -56.0657, 252.164, 17.9125
1611, -54.9632, 251.076, 17.9188
1611, -53.832, 250.38, 17.8028
1611, -52.6511, 249.867, 17.6752
1611, -51.2635, 249.321, 17.6672
1611, -49.8964, 248.523, 17.5294
1611, -48.4744, 248.103, 17.3378
1611, -47.1449, 247.737, 17.1109
1611, -45.9117, 247.542, 16.6998
1611, -44.6181, 247.63, 16.2511
1611, -43.2367, 247.812, 15.8245
1611, -41.8498, 248.141, 15.2624
1611, -40.7542, 248.813, 14.5211
1611, -39.5605, 249.654, 13.826
1611, -38.4849, 250.859, 13.2229
1611, -37.3233, 252.013, 12.4615
1611, -36.2723, 253.46, 11.5711
1611, -35.1438, 254.845, 10.7154
1611, -34.1377, 256.527, 9.85486
1611, -33.098, 258.111, 9.16849
1611, -32.1664, 259.809, 8.26764
1611, -31.0626, 261.588, 7.27896
1611, -30.1346, 263.26, 6.56964
1611, -29.2643, 265.001, 5.88338
1611, -28.4253, 266.729, 5.2219
1611, -27.9134, 268.444, 4.18763
1611, -27.4033, 270.257, 3.15653
1611, -26.5826, 272.624, 2.47368
1611, -25.7393, 274.423, 1.83044
1611, -25.1251, 276.283, 1.31006
1611, -24.7678, 277.75, 0.735362
1611, -24.3914, 279.915, 0.189571
1611, -24.1452, 281.873, -0.324154
1611, -23.8686, 283.829, -0.760683
1611, -23.48, 285.537, -1.06061
1611, -23.1911, 287.58, -1.13507
1611, -22.9641, 289.275, -1.43707
1611, -22.5414, 290.983, -1.76908
1611, -22.1664, 292.669, -2.13627
1611, -21.7698, 294.496, -2.4677
1611, -21.5617, 297.215, -2.67109
1611, -21.3649, 298.823, -2.96724
1611, -21.3722, 300.15, -3.35789
1611, -21.3238, 301.484, -3.85787
1611, -21.2938, 302.322, -4.20397
1611, -21.3067, 303.076, -4.4942
1611, -21.3478, 303.764, -4.74035
1611, -21.3583, 305.207, -4.91429
1611, -21.3629, 306.256, -5.21811
1611, -21.5188, 307.835, -5.67157
1611, -21.7631, 309.131, -6.47764
1611, -21.7731, 310.102, -6.91986
1611, -21.7435, 310.717, -7.17692
1611, -21.7426, 311.296, -7.40506
1611, -21.7861, 311.939, -7.94945
1611, -21.8787, 312.338, -8.45646
1611, -21.9101, 312.659, -8.79914
1611, -21.9079, 312.914, -9.02063
1611, -21.8748, 313.181, -9.18897
1611, -21.8475, 313.437, -9.33557
1611, -21.8069, 313.607, -9.50906
1611, -21.7759, 313.773, -9.65043
1611, -21.7514, 313.893, -9.75411
1611, -21.7347, 313.988, -9.87009
1611, -21.7108, 314.078, -9.97539
1611, -21.6971, 314.107, -10.0897
1611, -21.6718, 314.15, -10.1783
1611, -21.6634, 314.169, -10.2487
1611, -21.6404, 314.169, -10.3181
1611, -21.5591, 314.071, -10.3692
1611, -21.5099, 313.883, -10.3915
1611, -21.5032, 313.712, -10.4012
1611, -21.4872, 313.571, -10.4051
1611, -21.4605, 313.385, -10.4046
1611, -21.403, 313.076, -10.3256
1611, -21.1819, 312.257, -10.128
1611, -21.0786, 311.394, -9.9002
1611, -20.9182, 310.709, -9.69301
1611, -20.8548, 310.252, -9.49537
1611, -20.554, 309.236, -9.10719
1611, -20.389, 307.964, -8.78061
1611, -20.2786, 306.87, -8.45805
1611, -20.2788, 305.861, -8.12787
1611, -20.1043, 304.778, -7.75384
1611, -19.9842, 303.665, -7.41989
1611, -19.8354, 302.036, -6.88721
1611, -19.5972, 299.891, -6.43307
1611, -19.5112, 298.039, -6.15709
1611, -19.376, 295.898, -5.57851
1611, -19.3589, 294.124, -5.01809
1611, -19.2098, 291.957, -4.32428
1611, -18.8583, 288.213, -3.82238
1611, -18.8464, 276.506, -2.10175
1611, -18.8016, 274.387, -1.7342
1611, -18.7216, 270.283, -0.853972
1611, -18.7005, 266.634, -0.0749309
1611, -18.7099, 262.987, 0.789316
1611, -18.8438, 260.064, 1.73109
1611, -18.8153, 257.038, 2.6521
1611, -18.9708, 253.587, 3.84261
1611, -19.2141, 249.599, 4.89944
1611, -19.5906, 246.321, 5.59355
1611, -19.5905, 243.16, 6.53529
1611, -19.7226, 240.19, 7.48874
1611, -20.0624, 236.92, 8.57778
1611, -20.3637, 234.369, 9.43677
1611, -20.3616, 231.097, 10.0502
1611, -20.2488, 228.666, 10.7645
1611, -20.136, 226.742, 11.5775
1611, -20.025, 224.978, 12.5493
1611, -19.8827, 221.773, 13.3405
1611, -19.8007, 219.522, 14.1345
1611, -19.745, 218.036, 14.9316
1611, -19.6253, 216.13, 16.0713
1611, -19.3361, 214.154, 17.8497
1611, -19.3201, 212.492, 19.0577
1611, -19.2235, 210.8, 20.4872
1611, -19.3349, 209.555, 21.547
1611, -19.4324, 208.507, 22.9405
1611, -19.4901, 206.824, 23.9347
1611, -19.5734, 204.964, 24.6814
1611, -19.7456, 203.752, 25.3009
1611, -20.0237, 201.87, 26.127
1611, -20.3106, 200.422, 26.7341
1611, -20.5259, 199.392, 27.1432
1611, -20.7967, 198.112, 27.6204
1611, -21.131, 197.024, 28.0169
1611, -21.6273, 196.346, 28.2107
1611, -21.9728, 195.425, 28.5028
1611, -22.2338, 194.389, 28.6668
1611, -22.3743, 194.099, 28.7951
1611, -22.5629, 193.727, 28.9456
1611, -22.8325, 193.238, 28.9918
1611, -23.1557, 192.599, 29.0083
1611, -23.5093, 192.132, 29.0674
1611, -23.7716, 191.792, 29.1171
1611, -24.0453, 191.476, 29.1882
1611, -24.2572, 191.242, 29.2408
1611, -24.5612, 191.01, 29.1554
1611, -24.8155, 190.781, 29.1088
1611, -24.9762, 190.591, 29.0877
1611, -25.1129, 190.448, 29.0772
1611, -25.2772, 190.477, 29.0911
1611, -25.5664, 190.673, 29.2154
1611, -25.797, 190.814, 29.3212
1611, -26.0644, 190.901, 29.4708
1611, -26.3466, 191.086, 29.5618
1611, -26.5533, 191.194, 29.6301
1611, -26.826, 191.468, 29.7316
1611, -27.0337, 191.657, 29.824
1611, -27.1735, 191.794, 29.8916
1611, -27.2121, 192.508, 30.1792
1611, -27.309, 192.51, 30.2554
1611, -27.3181, 192.441, 30.2905
1611, -27.3414, 192.436, 30.3256
1611, -27.3606, 192.469, 30.3426
1611, -27.3663, 192.507, 30.3567
