881, -30.5647, 294.16, -3.62167
881, -30.8795, 294.487, -4.51309
881, -31.0493, 294.62, -5.25787
881, -31.128, 294.485, -5.70093
881, -31.1686, 294.395, -5.96806
881, -31.2714, 294.33, -6.13911
881, -31.288, 294.283, -6.23934
881, -31.3191, 294.255, -6.29358
881, -31.3283, 294.217, -6.32757
881, -31.3366, 294.13, -6.34799
881, -31.3227, 294.037, -6.36323
881, -31.3344, 293.876, -6.33099
881, -31.3533, 293.693, -6.24745
881, -31.3368, 293.585, -6.2096
881, -31.3087, 293.532, -6.20133
881, -31.2881, 293.469, -6.17196
881, -31.2854, 293.379, -6.12392
881, -31.2705, 293.303, -6.0846
881, -31.2852, 293.188, -6.02004
881, -31.3144, 293.014, -5.92227
881, -31.3309, 292.749, -5.79078
881, -31.3753, 292.375, -5.59895
881, -31.4713, 292.039, -5.42102
881, -31.6127, 291.552, -5.18235
881, -31.772, 291.067, -4.95247
881, -31.8185, 290.586, -4.8088
881, -31.7941, 289.966, -4.76405
881, -31.7129, 289.291, -4.82919
881, -31.6873, 288.676, -4.87199
881, -31.7031, 288.198, -4.9547
881, -31.7124, 287.864, -5.04881
881, -31.73, 287.616, -5.12469
881, -31.724, 287.798, -5.32935
881, -31.7425, 287.93, -5.47664
881, -31.8797, 287.766, -5.61521
881, -31.9532, 287.751, -5.67258
881, -31.9672, 287.786, -5.75255
881, -31.9839, 287.817, -5.8213
881, -31.9541, 287.877, -5.89658
881, -31.9004, 287.971, -5.95046
881, -31.874, 288.115, -5.98041
881, -31.7864, 288.297, -6.03399
881, -31.7564, 288.484, -6.0452
881, -31.7433, 288.66, -6.0515
881, -31.746, 288.771, -6.04633
881, -31.6028, 289.491, -5.37767
881, -31.7553, 290.284, -5.10938
881, -31.8473, 290.771, -4.937
881, -31.9203, 291.099, -4.79589
881, -31.9809, 291.352, -4.68117
881, -32.0306, 291.547, -4.59354
881, -32.0261, 291.694, -4.54912
881, -31.9366, 291.824, -4.5569
881, -31.8237, 291.919, -4.59078
881, -31.7408, 291.986, -4.64349
881, -31.6844, 292.013, -4.66895
881, -31.6377, 292.042, -4.6929
881, -31.529, 292.067, -4.77457
881, -31.4174, 292.11, -4.8634
881, -31.2985, 292.085, -4.98054
881, -31.1292, 291.993, -5.05747
881, -30.9691, 291.916, -5.15348
881, -30.8052, 291.836, -5.27199
881, -30.664, 291.744, -5.43234
881, -30.5363, 291.693, -5.57949
881, -30.4455, 291.645, -5.68446
881, -30.4173, 291.566, -5.84349
881, -30.3966, 291.509, -5.97449
881, -30.505, 291.41, -6.2767
881, -30.8172, 291.069, -6.81307
881, -30.941, 291.087, -7.1212
881, -30.8841, 290.952, -7.21152
881, -30.8141, 290.723, -7.31669
881, -30.9355, 289.558, -8.03104
881, -31.0495, 289.425, -8.35897
881, -31.0647, 289.424, -8.55005
881, -30.9225, 289.542, -8.70586
881, -30.7064, 289.764, -8.69324
881, -30.4646, 289.874, -8.48477
881, -30.3432, 290.011, -8.33713
881, -30.2915, 290.115, -8.2637
881, -30.4341, 290.231, -8.24628
881, -30.6134, 290.331, -8.21562
881, -30.8955, 290.614, -8.21786
881, -31.0641, 290.824, -8.16668
881, -31.26, 291.04, -8.13418
881, -31.4964, 291.225, -8.05971
881, -31.7303, 291.398, -7.98295
881, -32.3498, 291.943, -7.46589
881, -32.796, 293.315, -6.78364
881, -33.2182, 294.761, -6.0598
881, -33.1615, 297.356, -5.09966
881, -33.0496, 299.15, -4.35687
881, -32.4371, 301.099, -3.81128
881, -32.0397, 303.344, -3.69409
881, -31.176, 304.616, -3.81164
881, -30.0456, 305.809, -4.15954
881, -28.7302, 307.193, -4.9373
881, -25.6422, 310.914, -5.99504
881, -22.3293, 314.944, -6.68973
881, -19.0928, 317.766, -7.58275
881, -15.0999, 318.239, -8.68333
881, -10.3308, 319.547, -9.65798
881, -4.95472, 318.923, -11.5857
881, 0.742022, 319.92, -14.1553
881, 6.13558, 320.823, -15.4404
881, 11.0947, 320.889, -16.3828
881, 15.9416, 319.195, -17.4966
881, 20.1776, 317.517, -18.7758
881, 24.3151, 314.981, -19.6403
881, 27.6751, 311.856, -20.2687
881, 30.6127, 308.47, -20.5656
881, 32.746, 304.706, -20.2823
881, 34.6822, 299.521, -19.8011
881, 36.0466, 293.872, -18.6777
881, 36.9709, 288.652, -17.5128
881, 36.6304, 282.819, -16.2731
881, 35.5289, 276.228, -15.0748
881, 33.6252, 268.851, -14.2674
881, 30.8936, 262.076, -13.1885
881, 27.1883, 255.18, -11.7289
881, 22.3765, 248.892, -10.7404
881, 17.5006, 243.086, -9.29015
881, 12.4607, 238.202, -7.64684
881, 6.96689, 233.512, -5.64062
881, 1.27832, 228.357, -3.13386
881, -4.7739, 223.031, -1.93777
881, -10.5184, 217.804, 0.361482
881, -15.743, 214.761, 2.57946
881, -19.8542, 211.87, 4.67395
881, -23.3761, 208.593, 7.56211
881, -26.8804, 206.46, 9.445
881, -29.0478, 204.107, 12.7438
881, -31.1595, 202.524, 15.6771
881, -32.9517, 203.035, 17.2304
881, -33.6397, 203.06, 17.8105
881, -34.2245, 203.014, 17.8658
881, -34.6345, 203.092, 18.0208
881, -34.4396, 203.185, 18.1168
881, -33.9163, 202.926, 17.7122
881, -32.6664, 202.775, 17.1845
881, -30.1151, 202.921, 16.2932
881, -26.7829, 202.94, 14.9915
881, -22.3927, 203.643, 13.3807
881, -17.7639, 204.084, 11.8043
881, -12.8742, 205.183, 9.78842
881, -7.24707, 205.32, 7.75799
881, -1.47646, 205.129, 6.74609
881, 4.80335, 204.715, 6.0602
881, 10.9764, 203.737, 5.84327
881, 16.997, 202.211, 5.91633
881, 23.4921, 199.971, 5.46629
881, 29.7572, 196.953, 5.23668
881, 35.4344, 193.484, 4.82303
881, 40.5807, 190.387, 5.12138
881, 45.4492, 187.155, 4.63596
881, 49.297, 184.427, 4.33408
881, 52.4697, 182.244, 4.23777
881, 55.2403, 179.997, 3.82572
881, 57.3907, 178.238, 3.65044
881, 58.6786, 176.974, 3.41407
881, 59.7011, 175.987, 3.44649
881, 60.4728, 175.522, 3.18899
881, 60.9193, 175.143, 2.94389
881, 61.2605, 174.918, 2.83637
881, 61.452, 174.962, 2.56361
881, 61.6873, 174.956, 2.25403
881, 61.7087, 175.096, 2.03212
881, 61.5149, 175.766, 1.7737
881, 61.2165, 176.474, 1.8104
881, 61.0693, 177.142, 1.81539
881, 60.9083, 177.73, 1.75842
881, 60.6353, 178.289, 1.83973
881, 60.1693, 178.753, 1.9864
881, 59.6221, 179.242, 2.16127
881, 59.1049, 179.686, 2.29034
881, 58.5197, 180.009, 2.44829
881, 57.9443, 180.309, 2.60455
881, 57.3251, 180.734, 2.90108
881, 56.7509, 181.201, 3.11571
881, 56.1516, 181.827, 3.25762
881, 55.4648, 182.206, 3.43204
881, 54.8759, 182.544, 3.53358
881, 54.203, 182.77, 3.65648
881, 53.6152, 182.853, 3.79111
881, 53.0115, 183.232, 3.99697
881, 52.3736, 183.567, 4.15139
881, 51.853, 183.79, 4.31624
881, 51.4584, 183.936, 4.42674
881, 51.0384, 184.171, 4.62315
881, 50.52, 184.546, 4.92462
881, 49.925, 184.936, 5.12324
881, 49.6631, 185.62, 5.05946
881, 49.3158, 186.211, 5.1939
881, 49.0452, 186.83, 5.52081
