771, -4.94185, 283.589, -6.55018
771, -5.06434, 283.594, -6.40628
771, -5.1917, 283.529, -6.28958
771, -5.2739, 283.467, -6.21143
771, -5.37702, 283.433, -6.13231
771, -5.44321, 283.439, -6.10279
771, -5.52388, 283.466, -6.08055
771, -5.64773, 283.516, -6.03644
771, -5.80996, 283.579, -5.9781
771, -5.98904, 283.626, -5.91109
771, -6.13513, 283.676, -5.85959
771, -6.26402, 283.662, -5.80654
771, -6.38432, 283.62, -5.75297
771, -6.48424, 283.569, -5.70064
771, -6.5887, 283.468, -5.63004
771, -6.68183, 283.356, -5.56544
771, -6.75362, 283.251, -5.51097
771, -6.84188, 283.16, -5.44899
771, -6.92919, 283.092, -5.39693
771, -6.99694, 283.015, -5.35644
771, -7.04957, 282.964, -5.32499
771, -7.10572, 282.888, -5.29123
771, -7.15433, 282.813, -5.26235
771, -7.19426, 282.756, -5.24144
771, -7.25404, 282.684, -5.20694
771, -7.30324, 282.619, -5.18045
771, -7.33226, 282.589, -5.17554
771, -7.36945, 282.554, -5.16929
771, -7.40357, 282.518, -5.16402
771, -7.44194, 282.475, -5.15538
771, -7.47545, 282.431, -5.14938
771, -7.51514, 282.381, -5.14406
771, -7.55639, 282.326, -5.13743
771, -7.61428, 282.252, -5.12528
771, -7.6669, 282.185, -5.1139
771, -7.70923, 282.129, -5.10558
771, -7.77278, 282.052, -5.08769
771, -7.82913, 281.98, -5.07126
771, -7.87578, 281.924, -5.06165
771, -7.93677, 281.843, -5.04676
771, -7.98812, 281.768, -5.03738
771, -8.04789, 281.688, -5.03024
771, -8.10166, 281.627, -5.03342
771, -8.14201, 281.583, -5.04487
771, -8.19139, 281.526, -5.0781
771, -8.24723, 281.46, -5.09762
771, -8.32378, 281.369, -5.10482
771, -8.40817, 281.258, -5.09893
771, -8.51709, 280.941, -5.02761
771, -8.68919, 280.177, -4.80323
771, -9.00735, 278.35, -4.40513
771, -9.18918, 274.88, -4.34611
771, -9.5743, 271.801, -3.82954
771, -10.0681, 268.538, -2.85837
771, -12.5137, 256.47, 1.2666
771, -13.1284, 253.136, 1.61493
771, -13.9781, 249.613, 2.21535
771, -14.4182, 246.464, 3.19474
771, -14.7368, 243.846, 4.00697
771, -14.6689, 241.274, 4.32255
771, -14.7325, 239.414, 4.8473
771, -14.7456, 238.033, 5.42543
771, -14.5573, 236.74, 5.91503
771, -14.161, 235.769, 6.39795
771, -13.6153, 234.968, 6.80533
771, -13.0301, 234.229, 7.32963
771, -12.3376, 233.65, 7.50513
771, -11.6271, 233.239, 7.60459
771, -10.7567, 232.966, 7.63289
771, -9.77549, 232.867, 7.52363
771, -8.63065, 232.896, 7.28858
771, -7.36621, 233.173, 7.02332
771, -5.85127, 233.825, 6.57867
771, -4.26003, 234.326, 6.10334
771, -2.57286, 234.709, 5.61655
771, -0.779768, 235.035, 5.1336
771, 1.17956, 235.173, 4.47288
771, 3.27159, 235.428, 3.57111
771, 5.38024, 235.497, 2.80778
771, 7.4633, 235.53, 2.14604
771, 9.7562, 235.401, 1.36762
771, 12.2438, 235.133, 0.727984
771, 14.7417, 234.706, 0.302139
771, 17.1998, 234.346, -0.11328
771, 19.6206, 234.101, -0.543947
771, 21.787, 233.823, -0.838823
771, 23.7349, 233.514, -1.15374
771, 25.7982, 233.083, -1.52961
771, 27.4476, 232.736, -1.77681
771, 29.0822, 232.376, -1.84837
771, 30.3435, 232.137, -1.89586
771, 31.451, 231.886, -2.01522
771, 32.3616, 231.646, -2.09158
771, 32.9629, 231.503, -2.14058
771, 33.547, 231.409, -2.25138
771, 33.9263, 231.414, -2.28432
771, 34.1787, 231.507, -2.29119
771, 34.454, 231.65, -2.37429
771, 34.7839, 232.019, -2.56787
771, 35.0097, 232.655, -3.0252
771, 35.1959, 233.561, -3.57719
771, 35.1456, 235.452, -4.31175
771, 35.2124, 237.748, -5.0601
771, 35.1456, 241.604, -5.86249
771, 34.771, 244.843, -6.60363
771, 34.3524, 248.281, -7.55127
771, 33.4879, 251.43, -8.5299
771, 32.8727, 254.932, -9.64531
771, 33.0753, 259.184, -11.0268
771, 32.5866, 263.072, -12.3605
771, 32.0662, 266.782, -13.0606
771, 31.6406, 271.177, -14.2968
771, 31.0858, 275.062, -15.323
771, 30.2425, 278.505, -16.0089
771, 30.0092, 282.404, -17.1385
771, 29.5935, 285.727, -18.5562
771, 29.5299, 288.997, -19.2445
771, 29.5944, 292.447, -19.997
771, 29.371, 293.878, -20.5188
771, 29.0777, 294.685, -20.8491
771, 28.947, 295.357, -21.1094
771, 28.9754, 296.305, -21.5479
771, 28.9149, 296.869, -21.8806
771, 28.8462, 297.244, -22.2487
771, 28.7958, 297.409, -22.5272
771, 28.7939, 297.311, -22.7824
771, 28.6745, 296.997, -23.0473
771, 28.5968, 296.498, -23.3381
771, 28.6561, 295.758, -23.2803
771, 28.583, 293.278, -22.8757
771, 28.4477, 289.871, -22.2016
771, 28.4224, 285.508, -20.8875
771, 28.3447, 280.703, -19.08
771, 28.0614, 274.619, -17.7411
771, 28.288, 269.281, -15.8785
771, 28.2504, 264.052, -14.3385
771, 28.3019, 258.513, -12.368
771, 27.8862, 252.545, -10.704
771, 28.01, 246.816, -8.82466
771, 27.7998, 241.066, -6.27461
771, 28.2815, 235.524, -4.5178
771, 28.2284, 229.592, -2.45011
771, 28.5139, 224.295, -0.152949
771, 28.5912, 218.681, 2.05543
771, 28.5976, 213.433, 4.69678
771, 28.4631, 208.079, 6.80278
771, 28.7276, 202.551, 8.31063
771, 29.2782, 197.507, 9.44498
771, 29.5252, 193.643, 10.6809
771, 29.1798, 189.797, 11.6366
771, 28.649, 186.873, 12.3918
771, 28.6303, 182.744, 13.4199
771, 28.2618, 179.809, 14.536
771, 27.9903, 177.784, 15.4117
771, 27.3974, 175.208, 16.1847
771, 27.0469, 173.456, 16.8651
771, 26.7752, 172.32, 17.2777
771, 26.4208, 171.483, 17.6168
771, 26.2331, 170.416, 17.8861
771, 26.008, 169.555, 18.1381
771, 25.8416, 168.944, 18.2892
771, 25.6984, 168.494, 18.4172
771, 25.5453, 168.255, 18.4549
771, 25.489, 168.087, 18.4898
771, 25.4667, 168.033, 18.4253
771, 25.4049, 168.164, 18.2581
771, 25.3531, 168.347, 18.0654
771, 25.213, 168.593, 17.9321
771, 24.9399, 168.873, 17.7656
771, 24.6137, 169.344, 17.4682
771, 24.4348, 169.703, 17.2939
771, 24.5846, 170.382, 17.1728
771, 24.7871, 171.445, 17.2735
771, 25.1913, 173.053, 17.5169
771, 25.4438, 174.418, 17.7022
771, 25.6606, 175.76, 18.1444
771, 25.9088, 176.851, 18.0525
771, 25.9181, 177.99, 18.0588
771, 26.1635, 179.121, 17.8592
771, 26.3388, 181.398, 17.3676
771, 26.4565, 181.9, 17.2645
771, 26.6377, 182.63, 17.0477
771, 26.8396, 183.272, 16.7754
771, 27.0181, 183.772, 16.4933
771, 27.1606, 184.22, 16.2233
771, 27.2923, 184.638, 15.9355
771, 27.4148, 184.968, 15.7041
771, 27.5066, 185.251, 15.5102
771, 27.5665, 185.475, 15.3375
771, 27.6438, 185.687, 15.1737
771, 27.7314, 185.908, 15.0113
771, 27.8073, 186.049, 14.9076
771, 27.8595, 186.153, 14.8389
