771, 41.077, 275.381, 17.944
771, 41.0473, 275.337, 17.9312
771, 41.0246, 275.306, 17.9152
771, 41.0026, 275.273, 17.9045
771, 40.9943, 275.256, 17.8846
771, 40.9829, 275.233, 17.85
771, 40.9785, 275.222, 17.8394
771, 40.9683, 275.201, 17.8162
771, 40.9618, 275.192, 17.7839
771, 40.9587, 275.182, 17.7539
771, 40.9506, 275.171, 17.7201
771, 40.9435, 275.146, 17.6919
771, 40.9277, 275.11, 17.67
771, 40.9277, 275.073, 17.6301
771, 40.9306, 275.037, 17.5848
771, 40.9347, 275.003, 17.5379
771, 40.9382, 274.986, 17.4855
771, 40.9408, 274.968, 17.4391
771, 40.9426, 274.963, 17.3912
771, 40.9517, 274.997, 17.3252
771, 40.9554, 275.047, 17.2614
771, 40.9657, 275.094, 17.1975
771, 40.9743, 275.148, 17.1304
771, 40.9787, 275.178, 17.0825
771, 40.9774, 275.183, 17.054
771, 40.9914, 275.194, 17.0205
771, 40.9986, 275.205, 16.9984
771, 41.0122, 275.213, 16.9792
771, 41.0255, 275.226, 16.9578
771, 41.0424, 275.241, 16.9336
771, 41.0546, 275.248, 16.915
771, 41.0632, 275.25, 16.8939
771, 41.0628, 275.24, 16.8744
771, 41.0429, 275.226, 16.8491
771, 41.0169, 275.21, 16.819
771, 40.963, 275.208, 16.762
771, 40.7815, 275.251, 16.5675
771, 40.463, 275.253, 16.4138
771, 40.0624, 275.296, 16.2751
771, 39.551, 275.705, 15.7154
771, 38.5027, 276.299, 14.9539
771, 37.2694, 276.41, 14.2124
771, 36.0222, 276.247, 13.6967
771, 34.7867, 276.243, 13.3242
771, 33.8412, 276.4, 12.976
771, 32.6016, 276.502, 12.7071
771, 30.9741, 276.604, 12.2985
771, 29.3134, 276.872, 11.7977
771, 27.5461, 277.131, 11.2439
771, 25.9021, 277.382, 10.8642
771, 24.3758, 277.725, 10.5993
771, 22.6787, 277.94, 10.4925
771, 21.2021, 278.542, 9.92151
771, 19.7207, 278.889, 9.65847
771, 18.0226, 278.192, 8.63614
771, 16.4575, 277.866, 7.96141
771, 15.2413, 278.149, 7.44483
771, 14.0555, 278.727, 6.97906
771, 12.7976, 279.173, 6.17229
771, 11.7286, 279.576, 5.80689
771, 10.9472, 279.957, 5.54991
771, 10.3314, 280.194, 5.37134
771, 9.8975, 280.346, 5.27611
771, 9.51853, 280.508, 5.2357
771, 9.21452, 280.65, 5.20802
771, 9.02662, 280.744, 5.179
771, 8.89906, 280.785, 5.16845
771, 8.79224, 280.791, 5.15833
771, 8.71369, 280.785, 5.15434
771, 8.67457, 280.769, 5.16673
771, 8.60949, 280.735, 5.20064
771, 8.53002, 280.642, 5.28885
771, 8.42818, 280.338, 5.3676
771, 8.34759, 279.944, 5.4911
771, 8.16846, 279.199, 5.89868
771, 7.98516, 278.184, 6.38013
771, 7.93681, 276.087, 7.35377
771, 8.08535, 272.941, 7.41893
771, 7.76442, 269.679, 7.66716
771, 7.48421, 266.861, 8.15934
771, 7.45649, 264.523, 8.63462
771, 7.51394, 261.848, 9.42834
771, 7.67223, 259.787, 10.1476
771, 7.79534, 257.949, 10.9033
771, 8.11962, 255.501, 12.0996
771, 8.29717, 252.534, 13.2824
771, 8.0837, 249.771, 14.2231
771, 7.78978, 246.842, 14.8843
771, 7.57978, 244.131, 15.5989
771, 7.49793, 241.105, 16.5038
771, 7.27072, 238.317, 17.2015
771, 7.135, 236.321, 17.7912
771, 6.86008, 234.327, 18.309
771, 6.60056, 232.852, 18.8124
771, 6.45078, 231.945, 19.325
771, 6.3252, 231.464, 19.7078
771, 6.09966, 230.965, 20.0935
771, 5.94941, 230.544, 20.3757
771, 5.88793, 229.96, 20.4911
771, 5.77345, 229.556, 20.6481
771, 5.73089, 229.441, 20.7218
771, 5.70352, 229.364, 20.7655
771, 5.63491, 229.246, 20.7156
771, 5.69031, 229.199, 20.5877
771, 5.76809, 229.185, 20.4138
771, 6.01664, 229.293, 20.1291
771, 6.34335, 229.567, 19.762
771, 7.00342, 229.916, 19.0921
771, 7.85072, 230.292, 18.2264
771, 8.38765, 230.643, 17.5969
771, 9.29688, 231.278, 16.7612
771, 10.1593, 231.937, 16.107
771, 11.2323, 232.815, 15.1522
771, 12.2973, 233.445, 14.4653
771, 13.4995, 233.962, 13.8992
771, 14.8553, 234.367, 13.3979
771, 16.4255, 234.675, 13.0976
771, 18.0439, 235.13, 12.7814
771, 19.2788, 235.351, 12.5338
771, 20.6799, 235.431, 12.3207
771, 22.1848, 235.423, 12.091
771, 23.6368, 235.258, 11.981
771, 25.1415, 234.939, 11.8361
771, 26.3165, 234.49, 11.8996
771, 28.0399, 233.895, 11.8966
771, 29.6384, 233.171, 12.0345
771, 31.0299, 232.3, 12.336
771, 32.1726, 230.86, 12.979
771, 33.6656, 229.41, 13.4971
771, 34.8003, 227.903, 13.8494
771, 38.9576, 223.548, 15.2116
771, 39.5804, 221.585, 16.0536
771, 41.269, 218.702, 16.7928
771, 42.703, 216.357, 17.6989
771, 43.8009, 213.768, 18.6172
771, 44.6708, 211.38, 19.184
771, 44.8921, 207.709, 19.6294
771, 44.8006, 205.13, 20.0428
771, 45.6972, 203.089, 21.9115
771, 46.3085, 200.919, 23.5767
771, 46.5069, 199.655, 24.6202
771, 47.0041, 198.596, 26.0917
771, 47.0811, 196.914, 28.3189
771, 47.6781, 195.796, 29.7461
771, 47.7201, 194.703, 31.1912
771, 47.1474, 194.008, 32.5249
771, 46.566, 192.838, 33.9078
771, 45.5016, 191.322, 35.5107
771, 44.4849, 189.245, 36.9734
771, 43.4638, 186.863, 38.209
771, 42.5339, 184.778, 39.7427
771, 41.3656, 182.935, 40.8269
771, 39.855, 180.546, 41.3697
771, 37.911, 179.099, 42.3293
771, 36.1434, 178.33, 43.4282
771, 34.6589, 177.464, 44.0664
771, 32.6614, 176.555, 44.8458
771, 30.3139, 175.448, 45.7556
771, 28.2619, 174.752, 46.2004
771, 26.298, 173.641, 46.5169
771, 24.4834, 172.928, 46.7141
771, 22.9036, 172.328, 46.7181
771, 21.4001, 171.679, 46.4684
771, 20.2761, 171.331, 46.7599
771, 19.5851, 171.658, 47.3357
771, 19.0845, 172.654, 47.9556
771, 18.5278, 173.584, 48.3428
771, 17.9477, 174.248, 48.6934
771, 16.9822, 175.259, 48.8398
771, 16.2478, 176.201, 48.8018
771, 15.8513, 176.975, 48.5046
771, 15.5677, 177.716, 48.0801
771, 15.1294, 178.489, 47.7932
771, 14.8896, 179.321, 47.333
771, 14.5149, 179.91, 46.9374
771, 13.9864, 180.549, 46.5743
771, 13.4331, 181.142, 46.2332
771, 12.9236, 181.825, 45.7356
771, 12.4919, 182.585, 45.2158
771, 12.117, 183.202, 44.7824
771, 11.9324, 183.702, 44.3872
771, 11.7935, 184.179, 44.0011
771, 11.6064, 184.613, 43.7127
771, 11.4423, 185.018, 43.4627
771, 11.2675, 185.414, 43.2575
771, 11.0704, 185.813, 43.0138
771, 10.9763, 186.033, 42.8068
771, 10.8822, 186.214, 42.6388
771, 10.8232, 186.359, 42.4967
771, 10.8542, 186.444, 42.3696
771, 10.8774, 186.516, 42.2746
771, 10.9148, 186.592, 42.1634
771, 10.9419, 186.692, 42.0356
771, 10.9689, 186.839, 41.8912
771, 10.9929, 186.983, 41.7488
