181, -39.0247, 294.406, 11.146
181, -38.5442, 294.116, 12.1739
181, -38.6929, 294.135, 12.0955
181, -38.8241, 294.247, 12.0226
181, -38.9585, 294.401, 11.9831
181, -39.0996, 294.512, 11.9434
181, -39.2642, 294.561, 11.7993
181, -39.5646, 294.676, 11.4984
181, -40.0002, 294.836, 10.8458
181, -40.2896, 295.008, 10.396
181, -40.4801, 295.185, 10.121
181, -40.6161, 295.299, 9.94514
181, -40.7912, 295.293, 9.69326
181, -40.9475, 295.287, 9.41924
181, -41.0667, 295.262, 9.2198
181, -41.2777, 295.238, 8.87086
181, -41.4538, 295.203, 8.57279
181, -41.5601, 295.207, 8.35845
181, -41.6391, 295.197, 8.20124
181, -41.702, 295.186, 8.08126
181, -41.7546, 295.194, 7.98758
181, -41.2242, 295.104, 9.11706
181, -41.0859, 295.156, 9.48155
181, -41.023, 295.198, 9.67324
181, -40.9946, 295.281, 9.8104
181, -40.9658, 295.374, 9.85905
181, -40.9881, 295.468, 9.81533
181, -40.8277, 295.387, 10.0539
181, -40.3457, 295.026, 10.949
181, -39.0225, 294.656, 14.1321
181, -39.2234, 294.776, 14.0952
181, -39.3969, 294.914, 13.9559
181, -39.4907, 295.066, 13.8604
181, -39.5808, 295.185, 13.7963
181, -39.9683, 295.341, 12.9147
181, -40.7143, 295.508, 11.4778
181, -41.3685, 295.52, 10.065
181, -41.7981, 295.361, 9.00151
181, -42.0813, 295.218, 8.22616
181, -42.2346, 295.161, 7.78322
181, -42.3134, 295.142, 7.51255
181, -42.3658, 295.147, 7.33066
181, -42.4157, 295.12, 7.16277
181, -42.467, 295.116, 7.0219
181, -42.5059, 295.165, 6.93089
181, -42.5307, 295.324, 6.88422
181, -42.5348, 295.467, 6.84266
181, -42.5875, 295.732, 6.8154
181, -42.63, 295.957, 6.7925
181, -42.6868, 296.274, 6.77025
181, -42.6269, 296.822, 6.73035
181, -42.473, 297.32, 6.70129
181, -42.2934, 297.798, 6.69199
181, -41.9425, 298.783, 6.82341
181, -41.4529, 299.95, 6.94346
181, -39.3221, 302.047, 9.90662
181, -36.7815, 302.918, 12.3271
181, -35.4785, 307.853, 9.06993
181, -33.1934, 312.623, 6.48204
181, -32.5018, 312.364, 4.58179
181, -31.7356, 313.094, 3.57492
181, -30.8013, 313.121, 2.52387
181, -29.3202, 313.578, 1.73871
181, -27.7142, 315.272, 1.32586
181, -26.0799, 315.999, 0.729187
181, -24.2481, 315.694, -0.190603
181, -22.3863, 314.968, -1.32614
181, -20.4339, 314.46, -2.24737
181, -18.4596, 314.311, -3.19212
181, -16.3703, 313.931, -4.05349
181, -14.2816, 312.861, -4.76052
181, -12.1892, 311.417, -5.3657
181, -10.0554, 310.203, -5.92612
181, -8.10158, 309.27, -6.36315
181, -5.88637, 307.925, -6.81765
181, -3.8428, 306.284, -7.25198
181, -1.92546, 304.701, -7.72994
181, -0.159966, 303.47, -8.11035
181, 1.58106, 302.25, -8.53462
181, 3.15998, 300.912, -9.08987
181, 4.59695, 299.656, -9.48788
181, 5.85141, 297.756, -9.98141
181, 6.93038, 295.169, -10.8871
181, 7.64801, 293.496, -11.3387
181, 8.41524, 291.745, -11.5117
181, 9.20908, 288.824, -11.5341
181, 10.1739, 283.824, -11.6717
181, 10.6197, 281.26, -11.716
181, 10.8689, 279.355, -11.6971
181, 11.1168, 277.467, -11.5743
181, 11.4098, 275.665, -11.3255
181, 11.6103, 273.405, -11.0015
181, 11.8568, 270.942, -10.5904
181, 12.1337, 268.778, -10.3661
181, 11.9524, 267.099, -10.3347
181, 11.9063, 264.819, -9.97307
181, 12.0926, 262.474, -9.25881
181, 12.0672, 260.198, -8.60992
181, 11.8172, 257.642, -7.96857
181, 11.3124, 254.779, -7.57763
181, 10.9038, 252.446, -7.10034
181, 10.3344, 249.946, -6.60787
181, 9.44362, 247.738, -6.19064
181, 8.67947, 245.536, -5.12889
181, 7.99919, 243.671, -3.57401
181, 6.71835, 241.208, -2.20335
181, 5.24454, 239.137, -1.15428
181, 4.10603, 237.346, -0.452281
181, 2.98029, 235.659, -0.0549541
181, 1.44484, 233.749, 0.719031
181, -0.306526, 231.612, 1.78999
181, -1.96743, 230.146, 2.59004
181, -3.80473, 228.434, 2.99651
181, -5.63931, 226.701, 3.72599
181, -7.32554, 225.473, 4.42139
181, -9.22238, 224.46, 5.10923
181, -10.8238, 223.278, 5.64085
181, -13.114, 222.012, 6.31538
181, -15.9811, 220.341, 7.36089
181, -18.6768, 218.835, 8.8525
181, -21.0732, 217.244, 10.2601
181, -23.3852, 215.949, 11.4412
181, -25.5486, 215.017, 12.5133
181, -27.5918, 214.283, 13.3955
181, -29.5085, 213.647, 14.0875
181, -31.5373, 213.15, 14.7425
181, -33.6371, 212.537, 15.561
181, -35.7815, 211.32, 16.3109
181, -37.6979, 209.94, 17.4886
181, -39.6128, 208.467, 18.152
181, -41.3229, 207.12, 18.5273
181, -42.9573, 206.086, 18.9575
181, -43.854, 205.302, 19.3978
181, -44.7361, 204.688, 19.8334
181, -45.4063, 204.207, 20.1573
181, -46.3856, 203.425, 20.7122
181, -47.2444, 202.418, 21.0693
181, -47.9493, 201.64, 21.4216
181, -48.6264, 200.694, 22.1034
181, -49.1976, 199.694, 22.7667
181, -49.9578, 198.428, 23.2041
181, -50.2022, 197.517, 23.137
181, -50.2167, 197.027, 23.1159
181, -50.2173, 196.991, 23.1151
181, -50.0273, 196.646, 23.2067
181, -49.6098, 196.4, 23.2427
181, -48.737, 196.167, 23.1956
181, -47.5936, 195.783, 23.1128
181, -46.1065, 195.542, 23.0454
181, -43.9605, 194.562, 23.2443
181, -41.6843, 193.664, 23.3685
181, -39.6054, 193.013, 23.3668
181, -37.3867, 192.738, 23.218
181, -35.2505, 192.554, 22.8722
181, -32.8521, 192.486, 22.3956
181, -30.3943, 192.32, 21.9887
181, -27.6017, 192.85, 21.4708
181, -24.8161, 193.117, 21.007
181, -21.9269, 193.002, 20.4464
181, -19.1162, 192.857, 19.5504
181, -15.8024, 192.567, 17.4143
181, -12.1427, 192.515, 14.928
181, -7.48801, 194.076, 11.3239
181, -4.26449, 193.987, 9.62796
181, -1.58713, 193.477, 8.89551
181, 1.01613, 192.895, 8.61807
181, 4.25613, 192.495, 8.44215
181, 7.42391, 192.098, 8.27064
181, 10.1595, 191.823, 8.12049
181, 12.7759, 191.843, 8.26855
181, 15.2466, 191.713, 8.43725
181, 18.0474, 191.577, 8.23774
181, 20.4479, 191.312, 8.00562
181, 22.5868, 191.075, 7.51042
181, 24.5224, 190.715, 6.96695
181, 26.2096, 190.307, 6.47481
181, 27.7539, 189.724, 6.13036
181, 29.2113, 189.457, 5.97713
181, 30.9374, 189.797, 5.74473
181, 32.5176, 189.947, 5.71859
181, 33.8503, 190.352, 5.61023
181, 35.2688, 190.476, 5.55075
181, 36.54, 190.76, 5.57504
181, 37.6183, 191.129, 5.65266
181, 38.5584, 191.435, 5.74814
181, 39.5559, 191.967, 5.83995
181, 40.3063, 192.32, 5.99977
181, 40.9934, 192.573, 6.13141
181, 41.613, 192.778, 6.19914
181, 42.0881, 192.921, 6.23681
181, 42.3942, 192.983, 6.27964
181, 42.6387, 192.999, 6.32874
181, 42.8108, 192.963, 6.40022
181, 43.0137, 192.939, 6.48883
181, 43.2045, 192.97, 6.56579
181, 43.3217, 193.024, 6.61727
181, 43.4901, 193.144, 6.65036
181, 43.5533, 193.217, 6.80209
181, 43.5078, 193.24, 6.94832
181, 43.5607, 193.547, 7.09942
181, 43.3503, 193.701, 7.33024
181, 43.1241, 193.711, 7.51742
181, 42.932, 193.768, 7.65995
181, 42.8171, 193.938, 7.77491
181, 42.5751, 194.097, 7.92442
181, 42.3127, 194.204, 8.04506
181, 42.05, 194.279, 8.1526
181, 41.792, 194.372, 8.23603
181, 41.5857, 194.425, 8.33448
181, 41.3396, 194.61, 8.4395
181, 41.1277, 194.801, 8.52348
181, 40.8735, 195.031, 8.6075
181, 40.6272, 195.269, 8.76981
