181, -31.1622, 297.514, 16.2972
181, -31.0939, 297.585, 16.2174
181, -31.0864, 297.617, 16.147
181, -31.0913, 297.543, 16.0368
181, -31.0707, 297.445, 15.8963
181, -31.0841, 297.318, 15.7232
181, -31.0681, 297.234, 15.5636
181, -31.0462, 297.177, 15.4251
181, -31.015, 297.143, 15.3315
181, -30.9815, 297.138, 15.2542
181, -30.9494, 297.119, 15.1865
181, -30.9263, 297.136, 15.1307
181, -30.895, 297.173, 15.0813
181, -30.8995, 297.17, 15.0423
181, -30.9106, 297.171, 15.0293
181, -30.8997, 297.157, 14.9927
181, -30.91, 297.161, 14.9808
181, -30.9224, 297.12, 14.93
181, -30.9229, 297.116, 14.9213
181, -30.9169, 297.116, 14.9054
181, -30.9097, 297.126, 14.8886
181, -30.8896, 297.151, 14.9148
181, -30.8669, 297.18, 14.9457
181, -30.8649, 297.214, 14.9568
181, -30.8528, 297.238, 14.9774
181, -30.8487, 297.265, 14.983
181, -30.8428, 297.274, 14.9773
181, -30.8206, 297.246, 15.0113
181, -30.8434, 297.118, 14.8775
181, -30.9054, 297.278, 14.7046
181, -30.7987, 297.576, 14.2591
181, -30.6388, 298.471, 13.7647
181, -30.0867, 299.196, 13.3802
181, -29.4591, 301.329, 13.8876
181, -28.5142, 302.579, 13.7976
181, -27.5628, 303.067, 13.593
181, -26.272, 303.904, 13.0966
181, -24.5633, 304.693, 12.4373
181, -23.0506, 305.236, 11.7454
181, -21.4248, 305.684, 10.4926
181, -19.6955, 306.227, 9.38505
181, -18.1394, 306.697, 8.5061
181, -16.2858, 307.052, 7.8306
181, -14.5041, 306.897, 6.98612
181, -12.7464, 306.632, 6.26161
181, -11.0197, 306.715, 5.64378
181, -9.16931, 307.169, 5.1313
181, -7.24857, 306.889, 4.69328
181, -4.9122, 306.068, 4.09047
181, -2.68561, 305.058, 3.57631
181, -0.55569, 303.853, 2.88015
181, 1.27616, 302.991, 2.4506
181, 3.29222, 301.86, 2.02112
181, 4.90369, 300.862, 1.70171
181, 6.51328, 299.557, 1.19396
181, 8.15293, 298.036, 0.85182
181, 9.99909, 296.342, 0.399009
181, 11.7848, 294.075, 0.118999
181, 13.628, 291.996, 0.0665996
181, 15.5525, 289.671, 0.492529
181, 17.2689, 287.598, 0.65049
181, 18.5246, 285.735, 0.753023
181, 19.5276, 283.946, 0.757532
181, 20.1432, 282.762, 0.946942
181, 20.9172, 281.071, 1.07822
181, 21.4654, 279.505, 1.41191
181, 21.9773, 277.545, 1.70111
181, 22.1872, 275.74, 2.17153
181, 22.6264, 273.987, 2.75847
181, 22.6666, 272.595, 3.4786
181, 22.5114, 271.267, 4.07755
181, 22.2125, 269.554, 4.53889
181, 21.5928, 267.384, 4.86727
181, 21.026, 265.638, 5.06861
181, 20.2798, 263.761, 5.69482
181, 19.3765, 262.243, 6.34808
181, 18.1126, 260.558, 6.98931
181, 16.4417, 258.921, 7.77848
181, 15.0248, 257.842, 8.40022
181, 13.1379, 256.541, 9.43718
181, 10.8451, 255.404, 10.2916
181, 8.60979, 253.891, 11.1025
181, 6.142, 252.822, 11.8719
181, 3.35419, 251.96, 12.7976
181, 0.444992, 250.968, 13.5161
181, -2.45519, 250.231, 14.2288
181, -5.20017, 249.134, 14.8482
181, -7.73848, 248.378, 15.102
181, -10.345, 247.627, 15.2
181, -12.7765, 247.148, 15.2116
181, -15.3705, 246.787, 15.1123
181, -17.9626, 246.548, 14.9724
181, -20.3865, 246.327, 14.9579
181, -22.5673, 245.942, 14.8121
181, -24.4307, 245.968, 14.707
181, -26.0813, 246.112, 14.6561
181, -27.3699, 246.364, 14.6533
181, -28.3389, 246.59, 14.5401
181, -28.915, 246.923, 14.4762
181, -29.2912, 247.276, 14.3909
181, -29.4167, 247.72, 14.2599
181, -29.3798, 247.867, 14.1025
181, -29.1359, 248.123, 13.9607
181, -28.6066, 248.474, 13.8116
181, -27.7806, 249.016, 13.6319
181, -26.5957, 249.638, 13.4758
181, -25.0713, 250.287, 13.2593
181, -23.0279, 251.075, 13.0716
181, -20.7672, 251.662, 12.8578
181, -18.4196, 252.173, 12.8051
181, -15.7287, 252.252, 12.7056
181, -12.6754, 252.293, 12.8016
181, -9.85459, 252.168, 12.7855
181, -6.8833, 252.126, 12.7592
181, -3.93341, 251.561, 12.6439
181, -0.990634, 250.983, 12.3926
181, 1.66068, 250.343, 12.2824
181, 4.28644, 249.701, 12.3867
181, 6.90431, 249.103, 12.6539
181, 9.50981, 248.133, 12.8505
181, 12.03, 247.254, 12.9204
181, 14.6783, 245.981, 13.043
181, 17.0255, 244.76, 13.1097
181, 19.1641, 242.831, 13.3111
181, 21.2022, 241.606, 13.4419
181, 23.1791, 240.488, 13.7456
181, 24.8466, 239.584, 14.0383
181, 26.3347, 238.433, 14.0829
181, 27.7423, 237.24, 14.1529
181, 29.2161, 235.211, 14.451
181, 30.5518, 232.563, 15.1272
181, 31.5579, 230.606, 15.607
181, 31.9371, 228.012, 16.134
181, 32.543, 225.805, 16.598
181, 32.9812, 223.264, 16.9001
181, 33.3161, 221.398, 17.3623
181, 33.6735, 219.961, 17.788
181, 33.9355, 217.292, 18.2111
181, 33.7728, 213.715, 18.4867
181, 33.5039, 211.384, 18.5098
181, 33.0172, 209.789, 18.7643
181, 31.6849, 207.759, 19.6575
181, 30.3258, 206.252, 20.8007
181, 29.1247, 205.306, 21.6711
181, 27.4287, 203.639, 22.7888
181, 25.7731, 202.394, 23.8566
181, 24.6859, 202.746, 24.6048
181, 22.9134, 201.693, 25.0418
181, 20.4142, 199.67, 24.4638
181, 18.2539, 198.211, 24.172
181, 15.4319, 195.98, 23.6497
181, 12.5249, 194.148, 24.4767
181, 9.03534, 191.795, 26.0473
181, 5.73692, 190.078, 27.3901
181, 2.13585, 188.254, 28.8807
181, -0.885693, 187.073, 30.0893
181, -4.07246, 186.464, 31.4193
181, -7.552, 185.309, 32.4351
181, -11.0252, 185.531, 32.9725
181, -15.24, 183.553, 33.5635
181, -18.2631, 182.408, 32.7896
181, -21.2865, 182.194, 32.1221
181, -23.4493, 181.854, 31.0831
181, -25.7011, 181.774, 30.6169
181, -29.0402, 180.943, 28.8282
181, -31.1654, 181.416, 27.779
181, -33.5568, 183.001, 27.3703
181, -35.3148, 184.448, 26.953
181, -36.1682, 185.42, 26.7124
181, -37.9669, 185.649, 26.3771
181, -39.5197, 186.089, 26.1561
181, -40.4143, 186.116, 25.9933
181, -40.9784, 186.168, 25.8755
181, -41.5156, 186.315, 25.7039
181, -42.289, 186.593, 25.2736
181, -42.7171, 187.037, 24.913
181, -43.0629, 187.625, 24.6388
181, -43.396, 188.459, 24.8119
181, -43.53, 189.147, 24.8537
181, -43.8825, 189.701, 24.9791
181, -43.8305, 190.033, 25.2168
181, -43.6585, 190.187, 25.636
181, -43.3137, 190.341, 26.014
181, -42.279, 191.45, 26.3937
181, -41.7281, 192.684, 26.8868
181, -41.2013, 193.519, 27.5603
181, -40.776, 193.926, 27.795
