311, 5.91213, 292.878, 26.0832
311, 5.842, 293.03, 26.0428
311, 10.1292, 297.174, 29.5603
311, 10.3102, 298.328, 31.1204
311, 8.52456, 297.505, 31.3784
311, 7.69095, 296.974, 31.3689
311, 7.64275, 296.933, 31.1013
311, 7.77256, 297.014, 30.6633
311, 7.87574, 297.006, 30.3528
311, 7.90847, 296.945, 30.1436
311, 7.94181, 296.888, 29.8658
311, 7.95906, 296.723, 29.5148
311, 7.95918, 296.62, 29.2672
311, 7.94683, 296.503, 29.0961
311, 7.92185, 296.426, 28.9716
311, 7.88122, 296.356, 28.8814
311, 7.8266, 296.27, 28.8168
311, 7.74761, 296.153, 28.7525
311, 7.67187, 296.03, 28.5772
311, 7.60118, 295.901, 28.2824
311, 7.53047, 295.742, 28.065
311, 7.41121, 295.62, 27.8037
311, 7.29654, 295.479, 27.508
311, 7.20184, 295.301, 27.2955
311, 7.12923, 295.186, 27.1477
311, 7.08032, 295.085, 27.0379
311, 7.04625, 295.01, 26.9543
311, 6.7936, 294.372, 26.5549
311, 6.50399, 293.634, 26.1714
311, 6.18741, 292.666, 25.9093
311, 5.93786, 291.94, 25.7884
311, 5.68196, 291.703, 25.6934
311, 5.47491, 291.623, 25.6349
311, 5.26858, 291.699, 25.6051
311, 5.06822, 291.864, 25.5949
311, 4.89288, 292.01, 25.5961
311, 4.7065, 292.147, 25.6278
311, 4.53782, 292.421, 25.7038
311, 4.36561, 292.837, 25.7897
311, 4.24434, 293.118, 25.8639
311, 4.13295, 293.294, 25.911
311, 4.03676, 293.5, 25.9367
311, 3.95823, 293.713, 25.9569
311, 3.89467, 293.856, 25.9767
311, 0.408565, 295.456, 28.8415
311, 0.576253, 297.192, 29.0013
311, 3.73613, 297.408, 28.0804
311, 5.33026, 295.579, 28.5912
311, 5.70631, 294.583, 29.5055
311, 5.76666, 294.021, 30.5543
311, 5.58385, 293.448, 31.3172
311, 5.1595, 293.331, 31.5445
311, 4.82369, 293.323, 31.6323
311, 4.28765, 293.029, 31.7007
311, 2.79415, 291.698, 31.156
311, 0.688492, 290, 30.566
311, -0.914445, 288.882, 30.2891
311, -3.02309, 287.43, 29.8437
311, -8.13422, 286.163, 31.2323
311, -11.2333, 284.235, 31.1287
311, -12.2494, 282.225, 30.1138
311, -12.2166, 280.038, 30.007
311, -13.4716, 278.964, 29.7963
311, -14.8397, 277.044, 29.2512
311, -16.2715, 278.386, 30.6373
311, -17.8917, 276.792, 30.8307
311, -19.4138, 274.389, 31.1067
311, -21.9808, 272.555, 30.7459
311, -24.6012, 270.756, 30.5241
311, -26.7928, 269.6, 30.6833
311, -28.8103, 267.301, 30.1893
311, -30.4788, 264.283, 29.5331
311, -31.9845, 262.235, 29.2091
311, -33.6383, 260.118, 28.9554
311, -35.3528, 257.698, 28.8745
311, -36.5528, 256.061, 28.9033
311, -38.4916, 252.388, 27.1756
311, -39.5829, 249.634, 26.4199
311, -40.4856, 246.374, 24.9474
311, -40.9295, 244.577, 24.2765
311, -41.8597, 241.085, 24.5267
311, -42.3754, 238.307, 24.8683
311, -42.6181, 234.693, 25.1454
311, -42.5357, 230.852, 25.379
311, -40.9701, 229.618, 22.5172
311, -40.6169, 228.872, 21.3756
311, -40.3853, 228.332, 21.0201
311, -39.437, 226.246, 21.764
311, -38.2633, 223.679, 23.0423
311, -37.3575, 221.352, 23.6592
311, -36.4047, 219.391, 24.0307
311, -35.1164, 216.444, 23.9719
311, -33.7071, 213.591, 23.9513
311, -32.214, 210.022, 23.4905
311, -31.0794, 208.389, 23.1655
311, -29.8748, 206.38, 23.7115
311, -28.8185, 205.376, 23.7712
311, -27.8773, 203.837, 23.2598
311, -25.5253, 201.38, 22.9346
311, -23.3768, 199.535, 22.9079
311, -21.5116, 196.835, 23.1999
311, -20.3192, 194.684, 22.9873
311, -18.1443, 192.845, 22.3651
311, -16.4944, 191.149, 21.8066
311, -15.5562, 190.13, 21.5509
311, -12.5811, 188.768, 20.8378
311, -8.67548, 187.258, 19.8245
311, -6.09352, 186.906, 18.703
311, -4.3548, 188.367, 17.2067
311, -1.07005, 186.431, 17.3546
311, 0.925429, 187.267, 16.5112
311, 2.27481, 188.349, 15.7256
311, 3.73993, 188.446, 15.1618
311, 6.42251, 188.307, 14.5344
311, 9.34312, 189.086, 14.3389
311, 11.0606, 189.778, 14.1038
311, 13.3523, 191.155, 14.1762
311, 15.9819, 191.906, 14.4975
311, 18.0068, 190.927, 14.3255
311, 20.1104, 191.425, 13.4552
311, 21.7443, 192.237, 12.7673
311, 22.8347, 193.566, 12.3734
311, 24.1922, 195.685, 12.052
311, 25.3173, 196.671, 11.8357
311, 26.7076, 197.298, 11.3145
311, 28.7387, 197.903, 10.7326
311, 31.3237, 199.733, 10.1863
311, 33.1402, 201.062, 9.71887
311, 34.0336, 202.196, 9.34356
311, 34.964, 204.036, 9.17021
311, 35.9984, 207.801, 9.20912
311, 36.7287, 210.169, 9.36091
311, 37.1409, 211.596, 9.43155
311, 37.651, 213.464, 9.91744
311, 37.8308, 214.851, 10.2833
311, 38.1635, 216.884, 11.4763
311, 38.2467, 219.094, 12.8632
311, 37.9122, 221.483, 14.1759
311, 37.6361, 222.528, 15.8037
311, 36.9259, 224.843, 17.7161
311, 36.1128, 227.066, 19.1561
311, 35.2125, 228.808, 20.2176
311, 34.1841, 230.647, 21.3849
311, 32.43, 232.14, 22.3025
311, 30.92, 233.338, 22.4456
311, 28.6369, 233.95, 22.4588
311, 26.0071, 234.545, 22.8259
311, 23.7633, 234.811, 23.5147
311, 21.8793, 234.738, 24.301
311, 19.6287, 234.861, 25.4328
311, 17.4593, 234.906, 26.3
311, 15.4086, 234.892, 26.8967
311, 13.1447, 234.511, 27.2471
311, 10.2344, 233.029, 27.7057
311, 6.1914, 231.312, 27.7778
311, 2.48025, 229.711, 27.1403
311, -0.0674901, 228.637, 26.6613
311, -1.68076, 228.419, 25.9649
311, -2.59699, 228.374, 25.4108
311, -3.55659, 228.312, 25.4893
311, -4.96106, 228.472, 25.8546
311, -7.36395, 228.543, 25.7957
311, -8.82845, 228.548, 25.6535
311, -10.4537, 229.005, 25.9146
311, -12.3416, 227.87, 26.4169
311, -13.8768, 228.631, 28.5466
311, -15.8289, 227.21, 29.2359
311, -17.9736, 225.646, 30.6954
311, -19.6294, 224.269, 31.2195
311, -21.9203, 223.646, 31.0916
311, -23.4355, 221.536, 30.3847
311, -24.5743, 220.769, 30.3192
311, -26.3497, 218.297, 30.3896
311, -27.3741, 217.065, 30.2673
311, -28.1426, 216.235, 30.1677
311, -28.5537, 215.602, 30.0992
311, -29.2331, 215.275, 30.145
311, -29.6414, 214.994, 30.174
311, -29.8165, 214.815, 30.1771
311, -29.8579, 214.633, 30.1656
311, -29.9011, 214.492, 30.1578
311, -29.8417, 214.28, 30.1414
311, -29.7101, 214.043, 30.1043
311, -29.1823, 214.463, 29.8961
311, -28.6667, 215.077, 29.552
311, -28.0226, 216.233, 29.7274
311, -27.3474, 217.417, 29.983
311, -26.7424, 218.539, 30.5071
311, -26.3324, 219.123, 30.9255
311, -25.7639, 219.011, 31.4987
311, -24.9287, 219.294, 32.4255
311, -23.8857, 219.747, 33.2754
311, -23.3554, 219.978, 33.6888
311, -22.9635, 220.461, 34.165
311, -22.469, 220.016, 34.5494
311, -22.1619, 219.617, 34.853
311, -21.8967, 219.24, 35.0818
311, -21.7708, 218.917, 35.3016
311, -21.7646, 218.644, 35.4716
311, -21.8777, 218.793, 35.7256
311, -22.0866, 219.086, 36.0041
311, -22.2167, 218.692, 36.0323
311, -22.3178, 218.206, 36.0798
311, -22.4441, 217.669, 36.186
311, -22.6103, 217.2, 36.3184
311, -22.7611, 216.903, 36.4275
311, -22.8581, 216.688, 36.5147
311, -22.9098, 216.443, 36.6229
311, -23.0572, 216.407, 36.7823
311, -23.2237, 216.438, 36.924
311, -23.3827, 216.508, 37.0433
311, -23.5545, 216.628, 37.1558
311, -23.7703, 216.804, 37.2868
