1761, -5.03085, 286.33, -54.8005
1761, -5.00019, 286.342, -54.8048
1761, -4.9666, 286.346, -54.8076
1761, -4.93377, 286.321, -54.8112
1761, -4.89414, 286.299, -54.8129
1761, -4.86017, 286.277, -54.8149
1761, -4.82633, 286.26, -54.815
1761, -4.78084, 286.237, -54.8172
1761, -4.73112, 286.213, -54.8191
1761, -4.68961, 286.186, -54.8253
1761, -4.65888, 286.168, -54.8336
1761, -4.63314, 286.157, -54.8357
1761, -4.6206, 286.157, -54.8344
1761, -4.60723, 286.158, -54.8323
1761, -4.59355, 286.156, -54.8313
1761, -4.5659, 286.163, -54.8307
1761, -4.52759, 286.202, -54.8227
1761, -4.49486, 286.233, -54.82
1761, -4.43736, 286.269, -54.8151
1761, -4.37816, 286.301, -54.8107
1761, -4.31999, 286.333, -54.8061
1761, -4.2636, 286.386, -54.7867
1761, -4.21344, 286.438, -54.7651
1761, -4.15284, 286.505, -54.7348
1761, -4.14265, 286.52, -54.7285
1761, -4.13604, 286.533, -54.7221
1761, -4.14055, 286.552, -54.7175
1761, -4.15566, 286.586, -54.7139
1761, -4.2292, 286.693, -54.7114
1761, -4.35601, 286.81, -54.6947
1761, -4.57661, 286.926, -54.6986
1761, -4.97122, 287.223, -54.6543
1761, -5.4457, 287.349, -54.5835
1761, -6.1482, 287.502, -54.5744
1761, -6.99962, 287.741, -54.6178
1761, -7.8213, 287.849, -54.6917
1761, -8.86723, 288.031, -54.7257
1761, -9.71347, 287.815, -54.861
1761, -10.8283, 287.696, -54.9926
1761, -11.9975, 287.638, -55.1519
1761, -13.2141, 287.686, -55.2913
1761, -14.2937, 287.735, -55.3842
1761, -15.4892, 287.758, -55.504
1761, -16.6516, 287.571, -55.6463
1761, -17.756, 287.323, -55.6936
1761, -18.878, 287.039, -55.5208
1761, -20.1206, 286.667, -55.3721
1761, -21.5858, 286.303, -55.1388
1761, -23.0753, 285.693, -54.9101
1761, -24.4713, 285.234, -54.6624
1761, -26.0111, 284.517, -54.4963
1761, -27.4798, 283.825, -54.1814
1761, -29.2213, 283.015, -53.8503
1761, -30.6863, 282.266, -53.3419
1761, -31.9108, 281.518, -53.0861
1761, -33.1452, 280.583, -52.6984
1761, -34.2866, 279.749, -52.3646
1761, -35.4806, 278.734, -51.9885
1761, -36.5176, 277.74, -51.6233
1761, -37.6311, 276.234, -51.2892
1761, -38.6959, 274.734, -50.8911
1761, -39.6648, 273.31, -50.3663
1761, -40.5259, 271.92, -49.9774
1761, -41.3873, 270.428, -49.5272
1761, -42.2696, 268.978, -49.1081
1761, -43.0926, 267.407, -48.6374
1761, -43.9005, 265.965, -47.9536
1761, -44.4139, 264.392, -47.02
1761, -44.9983, 262.799, -46.4849
1761, -45.5414, 261.136, -45.8364
1761, -46.1998, 259.323, -44.9152
1761, -46.9276, 257.507, -44.3921
1761, -47.375, 255.793, -43.7954
1761, -48.0205, 253.969, -42.8461
1761, -48.4532, 252.11, -42.1463
1761, -49.053, 250.452, -41.3382
1761, -49.6467, 248.656, -40.4803
1761, -50.0414, 246.861, -39.6479
1761, -50.6359, 245.21, -38.6097
1761, -51.1743, 243.401, -37.8392
1761, -51.5158, 241.941, -37.22
1761, -51.9716, 240.023, -36.538
1761, -52.2695, 238.376, -36.0261
1761, -52.4333, 236.402, -35.0318
1761, -52.532, 234.792, -34.0607
1761, -52.5834, 232.728, -33.5124
1761, -52.5291, 231.08, -33.1589
1761, -52.1792, 228.889, -32.3979
1761, -51.9378, 226.618, -31.194
1761, -51.6376, 224.999, -30.446
1761, -51.3466, 223.001, -29.8385
1761, -50.9634, 221.113, -29.2724
1761, -50.2129, 218.38, -28.8468
1761, -49.2758, 216.03, -28.4158
1761, -48.4217, 214.009, -28.0348
1761, -47.3012, 211.501, -27.5972
1761, -46.2362, 209.072, -26.9323
1761, -44.9771, 206.631, -26.414
1761, -43.7471, 204.458, -25.7208
1761, -42.4697, 202.562, -25.1202
1761, -41.0881, 200.595, -24.2729
1761, -39.621, 198.286, -23.3884
1761, -38.1523, 196.234, -22.7411
1761, -36.5413, 193.95, -22.3718
1761, -34.9248, 191.799, -21.8108
1761, -33.0857, 189.896, -21.4896
1761, -31.184, 187.768, -21.5698
1761, -29.3725, 185.639, -21.613
1761, -27.6254, 183.582, -21.5718
1761, -25.842, 181.656, -21.4052
1761, -23.9406, 179.867, -21.146
1761, -21.5848, 177.748, -20.8187
1761, -19.5151, 176.072, -20.4058
1761, -17.3834, 174.76, -19.915
1761, -15.7035, 173.825, -19.5719
1761, -13.3987, 172.206, -19.2232
1761, -11.4001, 170.786, -18.389
1761, -9.62334, 170.444, -17.0319
1761, -7.82144, 169.691, -16.2663
1761, -6.02093, 169.116, -15.6394
1761, -3.83661, 168.088, -15.1721
1761, -1.42313, 167.298, -13.8813
1761, 1.23044, 166.298, -14.0033
1761, 3.29029, 165.954, -13.7085
1761, 5.43281, 165.642, -12.916
1761, 7.48922, 165.675, -12.364
1761, 9.77462, 165.711, -13.5536
1761, 12.078, 165.769, -15.0296
1761, 13.8755, 166.425, -16.1201
1761, 15.3449, 166.845, -17.1539
1761, 16.6848, 167.322, -17.843
1761, 18.3963, 168.149, -18.6954
1761, 20.3646, 169.055, -19.9734
1761, 22.1094, 170.097, -20.9555
1761, 23.9722, 171.727, -22.1574
1761, 25.8988, 173.266, -23.4611
1761, 27.4006, 174.744, -24.7239
1761, 28.8948, 176.31, -25.695
1761, 30.5187, 178.06, -26.9966
1761, 31.8099, 180.183, -28.5405
1761, 33.101, 182.124, -29.8899
1761, 34.4076, 183.887, -31.021
1761, 35.5038, 185.585, -32.0718
1761, 36.5849, 187.78, -33.3843
1761, 37.5312, 189.809, -34.7108
1761, 38.3258, 191.821, -35.9635
1761, 39.0833, 193.939, -37.527
1761, 39.7905, 195.814, -38.68
1761, 41.1676, 202.41, -41.4068
1761, 41.2528, 205.416, -42.0905
1761, 41.5463, 208.258, -43.6354
1761, 41.8161, 210.546, -44.4784
1761, 42.0107, 212.84, -45.8036
1761, 42.0913, 215.529, -46.5792
1761, 41.8834, 217.594, -47.3615
1761, 41.3871, 219.655, -48.7343
1761, 40.6247, 221.865, -49.5669
1761, 40.1381, 223.948, -50.4225
1761, 39.5907, 226.041, -51.2896
1761, 38.7029, 227.972, -52.319
1761, 37.9771, 229.976, -53.3271
1761, 37.0735, 232.128, -54.1233
1761, 35.9478, 234.341, -54.9576
1761, 34.6974, 236.492, -55.8035
1761, 33.545, 238.901, -56.2787
1761, 32.0709, 241.505, -57.1939
1761, 30.5304, 244.011, -57.6432
1761, 28.9537, 245.81, -58.2911
1761, 27.4393, 247.433, -59.1815
1761, 25.9504, 248.784, -59.9566
1761, 24.5892, 250.366, -60.6508
1761, 23.2148, 252.064, -61.1457
1761, 21.4772, 254.771, -61.1572
1761, 19.6301, 256.816, -61.5315
1761, 17.6475, 259.048, -61.8874
1761, 15.7861, 260.963, -62.1676
1761, 13.8596, 262.594, -62.4508
1761, 12.1349, 263.811, -62.5205
1761, 10.3924, 265.06, -62.4664
1761, 8.70693, 266.133, -62.5575
1761, 7.06124, 267.461, -62.421
1761, 5.39755, 268.624, -62.3378
1761, 3.86437, 269.769, -62.2368
1761, 2.48044, 270.8, -62.3619
1761, 1.05458, 271.598, -62.5088
1761, -0.336607, 272.401, -62.6746
1761, -1.47204, 273.139, -62.7288
1761, -2.93444, 274.068, -62.983
1761, -4.40114, 274.656, -63.2081
1761, -5.87973, 275.146, -63.2018
1761, -7.37257, 275.596, -63.243
1761, -8.93228, 276.177, -63.1202
1761, -10.5452, 276.419, -62.9565
1761, -11.9138, 276.748, -62.6625
1761, -13.2135, 277.049, -62.4153
1761, -14.6038, 277.355, -62.0294
1761, -15.8646, 277.603, -61.6359
1761, -17.0565, 277.726, -61.3021
1761, -18.2509, 278.017, -61.0567
1761, -19.3335, 278.091, -60.8978
1761, -20.2912, 278.087, -60.7361
1761, -21.144, 278.129, -60.529
1761, -22.0289, 278.16, -60.3349
1761, -22.8125, 278.058, -60.1354
1761, -23.3985, 277.867, -60.0053
1761, -24.0141, 277.658, -59.8321
1761, -24.462, 277.481, -59.6935
1761, -24.81, 277.344, -59.516
1761, -25.1153, 277.241, -59.3498
1761, -25.3719, 277.177, -59.1856
1761, -25.5431, 277.117, -59.0632
1761, -25.6397, 277.057, -58.964
1761, -25.6899, 276.979, -58.8858
1761, -25.7252, 276.873, -58.8119
1761, -25.7122, 276.746, -58.7482
1761, -25.7167, 276.641, -58.7022
1761, -25.6813, 276.536, -58.6619
