2461, -12.0614, 322.474, -32.9622
2461, -11.7779, 322.38, -32.4784
2461, -11.4566, 322.126, -31.8895
2461, -11.2633, 321.7, -31.5357
2461, -11.1939, 321.323, -31.3634
2461, -11.0797, 320.977, -31.3148
2461, -10.9992, 320.579, -31.2696
2461, -11.0092, 320.227, -31.2542
2461, -10.9544, 319.855, -31.3096
2461, -10.8385, 319.451, -31.4117
2461, -10.7422, 319.098, -31.6167
2461, -10.6696, 318.612, -31.9378
2461, -10.5686, 318.01, -32.2566
2461, -10.5359, 317.539, -32.4644
2461, -10.4998, 317.116, -32.5753
2461, -10.4621, 316.686, -32.7359
2461, -10.4674, 316.367, -32.898
2461, -10.5031, 316.17, -32.9749
2461, -10.5095, 315.972, -32.9996
2461, -10.5279, 315.799, -33.0139
2461, -10.5605, 315.626, -33.0106
2461, -10.6128, 315.471, -32.9932
2461, -10.6107, 315.296, -32.9505
2461, -10.5877, 315.248, -32.7599
2461, -10.6249, 315.364, -32.5288
2461, -10.6469, 315.503, -32.372
2461, -10.6704, 315.662, -32.29
2461, -10.7096, 315.908, -32.276
2461, -10.7666, 316.218, -32.2806
2461, -10.7473, 316.619, -32.2937
2461, -10.6144, 317.176, -32.3837
2461, -10.3188, 318.52, -32.6138
2461, -10.4157, 321.073, -33.0515
2461, -10.5338, 324.203, -33.6027
2461, -10.7417, 326.518, -34.0444
2461, -10.7283, 328.44, -34.3702
2461, -10.3297, 330.993, -34.5394
2461, -10.1209, 333.498, -34.8475
2461, -9.95575, 335.429, -35.1382
2461, -10.1253, 337.611, -35.5367
2461, -10.1203, 339.073, -35.8594
2461, -9.64194, 343.015, -35.7428
2461, -9.63493, 344.381, -35.773
2461, -9.6423, 345.684, -35.5826
2461, -9.50092, 347.313, -35.1747
2461, -9.05035, 349.868, -34.4889
2461, -9.06908, 350.948, -34.2257
2461, -9.0801, 351.589, -34.1055
2461, -9.09759, 352.049, -34.0347
2461, -9.20635, 352.429, -33.9681
2461, -9.55458, 352.487, -34.0255
2461, -10.1086, 352.067, -34.2227
2461, -10.9012, 350.981, -34.6455
2461, -12.0074, 348.208, -35.5355
2461, -12.9788, 345.635, -36.3694
2461, -14.6057, 339.612, -38.0218
2461, -16.5119, 330.865, -40.0091
2461, -18.3258, 322.245, -41.2357
2461, -19.6676, 314.068, -41.7834
2461, -20.9938, 303.922, -41.6681
2461, -21.8396, 293.195, -40.4592
2461, -22.3826, 284.654, -38.4775
2461, -22.1225, 277.198, -36.0084
2461, -21.6014, 271.826, -33.8707
2461, -20.4252, 266.388, -33.0108
2461, -18.5647, 264.011, -32.8769
2461, -16.7075, 263.618, -32.9982
2461, -14.0577, 264.486, -33.3653
2461, -10.983, 267.026, -34.5135
2461, -7.01985, 270.379, -35.5298
2461, -2.61145, 275.415, -36.5793
2461, 1.72729, 280.506, -37.9638
2461, 6.01368, 284.835, -39.2237
2461, 10.6452, 289.364, -40.0301
2461, 14.9801, 294.502, -40.5923
2461, 18.4063, 299.2, -40.8052
2461, 21.38, 303.326, -40.8791
2461, 23.6644, 306.966, -40.8026
2461, 25.7756, 310.831, -40.6157
2461, 27.2906, 314.285, -40.0178
2461, 28.5382, 317.831, -39.0562
2461, 29.5906, 321.029, -38.7613
2461, 29.9445, 322.635, -38.7164
2461, 29.903, 323.24, -38.7465
2461, 29.7585, 324.469, -38.6347
2461, 29.6746, 324.726, -38.6059
2461, 29.5166, 324.77, -38.6736
2461, 29.1969, 324.821, -38.8085
2461, 28.8095, 324.615, -38.9105
2461, 28.3136, 323.889, -39.1379
2461, 27.6987, 323.006, -39.3134
2461, 27.3236, 322.285, -39.3763
2461, 26.6868, 320.227, -39.5579
2461, 25.6366, 313.934, -39.8144
2461, 24.8163, 305.172, -39.5021
2461, 24.389, 293.208, -38.1085
2461, 24.2377, 280.452, -34.9024
2461, 23.7922, 267.989, -30.6741
2461, 23.6441, 257.421, -25.5495
2461, 23.5626, 248.623, -20.2193
2461, 23.4697, 242.805, -15.5598
2461, 23.3539, 239.197, -11.904
2461, 23.2133, 236.857, -8.92358
2461, 23.4782, 235.453, -6.78508
2461, 23.6934, 234.323, -5.11042
2461, 23.5853, 232.541, -2.72803
2461, 23.6491, 231.113, -1.10802
2461, 23.4845, 229.75, 0.565015
2461, 22.9599, 228.497, 3.05071
2461, 21.9492, 227.242, 6.67
2461, 20.9662, 226.398, 10.6988
2461, 20.1275, 226.016, 14.1202
2461, 19.6626, 225.935, 16.1473
2461, 19.3963, 226.081, 17.4754
2461, 19.1735, 226.224, 18.6268
2461, 19.0846, 226.405, 19.6258
2461, 19.0627, 227.076, 20.139
2461, 19.0318, 227.653, 20.8331
2461, 18.797, 228.093, 21.6689
2461, 18.806, 228.426, 22.1523
2461, 18.9339, 228.729, 22.4784
2461, 19.1151, 228.884, 22.2533
2461, 19.4152, 229.081, 21.7609
2461, 19.8283, 229.372, 21.0087
2461, 20.1732, 229.616, 20.3677
2461, 20.4734, 229.817, 19.7686
2461, 20.7564, 229.999, 19.191
2461, 21.3032, 230.352, 18.1994
2461, 21.7174, 230.596, 17.3279
2461, 22.0015, 230.765, 16.6032
2461, 22.3583, 230.971, 15.6852
2461, 22.6902, 231.179, 14.7418
2461, 22.8739, 231.472, 13.9925
2461, 23.0313, 231.77, 13.3059
2461, 23.2202, 232.115, 12.7192
2461, 23.2798, 232.417, 12.426
2461, 23.3462, 232.559, 12.2559
2461, 23.3567, 232.794, 12.1372
2461, 23.362, 233.275, 11.8823
2461, 23.3578, 233.615, 11.6345
2461, 23.342, 233.936, 11.3364
2461, 23.3626, 235.007, 10.8919
2461, 23.2635, 236.784, 10.4612
2461, 23.1645, 238.04, 10.1565
2461, 22.8869, 237.967, 10.4459
2461, 22.5236, 237.528, 10.506
2461, 22.1499, 237.225, 10.6612
2461, 21.8477, 237.053, 10.7907
