301, 4.72601, 276.959, -22.4749
301, 4.80619, 277.001, -22.4991
301, 4.87418, 277.026, -22.5171
301, 4.90636, 277.003, -22.5226
301, 4.92608, 276.975, -22.5275
301, 4.97535, 276.995, -22.5488
301, 5.05865, 277.052, -22.5831
301, 5.14941, 277.16, -22.6235
301, 5.24585, 277.282, -22.6673
301, 5.32717, 277.371, -22.6971
301, 5.43557, 277.495, -22.7404
301, 5.45181, 277.496, -22.7439
301, 5.46697, 277.447, -22.7498
301, 5.47826, 277.394, -22.7526
301, 5.52732, 277.422, -22.7692
301, 5.59731, 277.503, -22.7998
301, 5.66887, 277.593, -22.8343
301, 5.73489, 277.695, -22.8704
301, 5.76113, 277.713, -22.8789
301, 5.77353, 277.703, -22.8775
301, 5.78232, 277.689, -22.875
301, 5.78612, 277.676, -22.8782
301, 5.78857, 277.657, -22.8799
301, 5.79378, 277.652, -22.8873
301, 5.79962, 277.645, -22.896
301, 5.80857, 277.638, -22.905
301, 5.82045, 277.645, -22.9182
301, 5.84712, 277.684, -22.9364
301, 5.87565, 277.733, -22.9538
301, 5.90313, 277.773, -22.968
301, 5.93436, 277.816, -22.9841
301, 5.95834, 277.847, -22.9951
301, 5.98585, 277.876, -23.0053
301, 6.00183, 277.875, -23.0043
301, 6.01643, 277.87, -23.0002
301, 6.03837, 277.884, -23.0017
301, 6.05676, 277.889, -23.0003
301, 6.06976, 277.89, -22.9967
301, 6.08811, 277.905, -22.9966
301, 6.10704, 277.912, -22.9952
301, 6.11913, 277.912, -22.9915
301, 6.12913, 277.907, -22.9871
301, 6.13348, 277.899, -22.9817
301, 6.13564, 277.89, -22.9779
301, 6.1364, 277.881, -22.9737
301, 6.13842, 277.874, -22.9701
301, 6.13876, 277.864, -22.9653
301, 6.13611, 277.851, -22.9592
301, 6.1283, 277.816, -22.9452
301, 6.11897, 277.772, -22.9292
301, 6.11109, 277.743, -22.9202
301, 6.1008, 277.711, -22.91
301, 6.09257, 277.676, -22.8991
301, 6.0774, 277.616, -22.8846
301, 6.05714, 277.534, -22.8662
301, 6.04139, 277.475, -22.8553
301, 6.02106, 277.405, -22.8519
301, 6.03116, 277.363, -22.8402
301, 6.04735, 277.285, -22.8224
301, 6.11177, 277.236, -22.8153
301, 6.17872, 277.092, -22.7922
301, 6.31559, 276.963, -22.7822
301, 6.50229, 276.814, -22.7896
301, 6.78149, 276.726, -22.8095
301, 7.16306, 276.398, -22.9093
301, 7.62701, 275.902, -23.0123
301, 8.2556, 275.445, -23.1484
301, 9.02959, 275.018, -23.3031
301, 9.8771, 274.669, -23.4686
301, 11.0096, 274.26, -23.451
301, 12.0243, 273.992, -23.4808
301, 13.1959, 273.784, -23.5654
301, 14.4173, 273.737, -23.6438
301, 15.6596, 273.533, -23.756
301, 17.038, 273.556, -23.832
301, 18.3315, 273.65, -23.9138
301, 19.6208, 273.433, -24.0059
301, 20.7329, 273.441, -24.1247
301, 21.9501, 273.487, -24.2482
301, 23.1251, 273.867, -24.297
301, 24.1847, 273.985, -24.3048
301, 25.203, 274.233, -24.2849
301, 26.1374, 274.553, -24.311
301, 26.9605, 274.853, -24.3927
301, 27.8366, 275.18, -24.4676
301, 28.5972, 275.342, -24.3774
301, 29.1949, 275.512, -24.359
301, 29.824, 275.563, -24.4667
301, 30.2515, 275.632, -24.5516
301, 30.5471, 275.672, -24.5942
301, 30.7588, 275.719, -24.6283
301, 30.9159, 275.736, -24.6474
301, 31.0693, 275.762, -24.663
301, 31.172, 275.753, -24.6765
301, 31.2454, 275.732, -24.682
301, 31.2946, 275.651, -24.647
301, 31.3168, 275.538, -24.5558
301, 31.3004, 275.38, -24.4425
301, 31.0867, 275.031, -23.9796
301, 30.7471, 274.63, -23.4365
301, 30.4255, 273.707, -22.6981
301, 30.0651, 272.772, -21.9492
301, 29.6181, 271.764, -21.2189
301, 28.9267, 270.344, -20.0095
301, 28.1452, 269.173, -18.8288
301, 27.2659, 267.424, -17.8592
301, 26.5742, 266.089, -16.9983
301, 25.5869, 264.322, -15.927
301, 24.806, 263.127, -15.0603
301, 23.9894, 261.473, -14.1989
301, 23.2982, 260.11, -13.4446
301, 22.3498, 258.488, -12.5508
301, 21.8082, 256.804, -11.6346
301, 21.1366, 255.438, -10.9163
301, 20.3128, 254.13, -10.3208
301, 19.8124, 253.145, -9.83863
301, 19.2303, 251.987, -9.45937
301, 18.7986, 250.706, -8.91817
301, 18.4117, 249.866, -8.38307
301, 17.9711, 248.866, -7.97086
301, 17.6824, 248.218, -7.7081
301, 17.3555, 247.528, -7.27655
301, 17.0738, 247.049, -6.96171
301, 16.6183, 246.448, -6.62137
301, 16.2919, 246.035, -6.37947
301, 16.0626, 245.747, -6.211
301, 15.7686, 245.525, -6.00245
301, 15.5153, 245.318, -5.80961
301, 15.2805, 245.166, -5.6734
301, 15.1077, 245.011, -5.56545
301, 14.9489, 244.829, -5.44369
301, 14.8299, 244.746, -5.33771
301, 14.734, 244.685, -5.24066
301, 14.6546, 244.643, -5.12234
301, 14.5571, 244.623, -5.02245
301, 14.3881, 244.609, -4.89922
301, 14.3296, 244.613, -4.86636
301, 14.2513, 244.623, -4.83666
301, 14.158, 244.634, -4.82603
301, 14.087, 244.667, -4.83175
301, 13.9988, 244.695, -4.84581
301, 13.9107, 244.743, -4.87793
301, 13.8445, 244.792, -4.90906
301, 13.8052, 244.87, -4.95244
301, 13.7764, 244.995, -5.01686
301, 13.72, 245.081, -5.06139
301, 13.64, 245.121, -5.09288
301, 13.5858, 245.199, -5.1413
301, 13.5099, 245.27, -5.17562
301, 13.4353, 245.322, -5.19895
301, 13.3579, 245.375, -5.22394
301, 13.265, 245.413, -5.24395
301, 13.1803, 245.443, -5.26004
301, 13.0949, 245.452, -5.26676
301, 13.0257, 245.505, -5.2826
301, 12.958, 245.559, -5.29832
301, 12.894, 245.604, -5.29692
301, 12.8546, 245.661, -5.29861
301, 12.8203, 245.713, -5.30077
301, 12.7841, 245.759, -5.30093
301, 12.7523, 245.806, -5.30371
301, 12.7108, 245.853, -5.30651
301, 12.689, 245.904, -5.31597
