301, 15.4326, 273.348, -13.6179
301, 15.3622, 273.207, -13.6313
301, 15.2951, 273.091, -13.644
301, 15.1988, 272.948, -13.6687
301, 15.1182, 272.824, -13.6888
301, 15.04, 272.729, -13.722
301, 14.9673, 272.644, -13.7409
301, 14.903, 272.602, -13.7515
301, 14.8547, 272.596, -13.7687
301, 14.8048, 272.607, -13.7711
301, 14.772, 272.605, -13.7696
301, 14.7281, 272.607, -13.7645
301, 14.6943, 272.611, -13.7603
301, 14.6601, 272.616, -13.752
301, 14.6462, 272.688, -13.7614
301, 14.6484, 272.796, -13.7828
301, 14.6698, 272.927, -13.7942
301, 14.685, 273.015, -13.8008
301, 14.6979, 273.103, -13.8071
301, 14.6887, 273.212, -13.8211
301, 14.6951, 273.312, -13.8323
301, 14.7014, 273.428, -13.8488
301, 14.704, 273.534, -13.8578
301, 14.7087, 273.631, -13.8638
301, 14.7169, 273.743, -13.8728
301, 14.7018, 273.837, -13.8791
301, 14.6931, 273.97, -13.8912
301, 14.7039, 274.195, -13.9195
301, 14.7033, 274.403, -13.9444
301, 14.7062, 274.568, -13.9615
301, 14.691, 274.702, -13.9754
301, 14.6792, 274.844, -13.9942
301, 14.6607, 274.98, -14.0018
301, 14.6421, 275.133, -14.0136
301, 14.6012, 275.26, -14.0465
301, 14.5865, 275.375, -14.0758
301, 14.5556, 275.451, -14.0977
301, 14.5337, 275.568, -14.1214
301, 14.5158, 275.666, -14.1424
301, 14.4798, 275.738, -14.1762
301, 14.4332, 275.79, -14.2122
301, 14.3762, 275.851, -14.2791
301, 14.3304, 275.916, -14.3448
301, 14.2922, 275.985, -14.4126
301, 14.2513, 276.089, -14.5035
301, 14.2265, 276.203, -14.5839
301, 14.1738, 276.311, -14.6444
301, 14.1379, 276.44, -14.7023
301, 14.1547, 276.603, -14.7911
301, 14.2024, 276.75, -14.8648
301, 14.274, 276.889, -14.9468
301, 14.3998, 277.014, -15.0281
301, 14.5393, 277.09, -15.1062
301, 14.725, 277.042, -15.1789
301, 14.914, 276.956, -15.2476
301, 15.0757, 276.836, -15.2968
301, 15.2283, 276.707, -15.3341
301, 15.5185, 276.508, -15.3848
301, 15.6033, 276.41, -15.3853
301, 15.759, 276.248, -15.3905
301, 15.9202, 276.102, -15.3971
301, 16.0682, 275.933, -15.3998
301, 16.2184, 275.768, -15.3952
301, 16.3437, 275.609, -15.3875
301, 16.4399, 275.419, -15.3717
301, 16.5155, 275.245, -15.3622
301, 16.5648, 275.075, -15.3527
301, 16.5287, 274.883, -15.3363
301, 16.4619, 274.715, -15.3306
301, 16.2957, 274.618, -15.3325
301, 15.7844, 274.752, -15.3996
301, 15.1958, 274.936, -15.4597
301, 14.3558, 275.187, -15.4671
301, 13.1215, 275.694, -15.467
301, 11.5143, 276.244, -15.5725
301, 10.1756, 277.174, -15.6116
301, 8.81642, 277.814, -15.5647
301, 7.38066, 278.561, -15.472
301, 6.03491, 279.055, -15.4162
301, 4.71362, 279.421, -15.33
301, 3.38094, 279.449, -15.1834
301, 2.24603, 279.135, -14.9939
301, 1.02268, 278.581, -14.816
301, -0.0357167, 277.919, -14.6134
301, -1.03214, 277.338, -14.4846
301, -1.9456, 276.598, -14.3111
301, -2.66575, 275.87, -14.1201
301, -3.22528, 275.173, -13.9246
301, -3.70378, 274.472, -13.7215
301, -4.07852, 273.824, -13.5199
301, -4.33483, 273.257, -13.3285
301, -4.37824, 272.291, -13.1157
301, -4.20813, 271.543, -13
301, -3.89697, 270.906, -12.9392
301, -3.24645, 270.183, -12.9616
301, -2.71511, 269.572, -12.8881
301, -1.99379, 269.128, -12.8754
301, -1.03534, 268.736, -12.9101
301, 0.277905, 268.195, -12.9382
301, 1.63085, 267.708, -12.9294
301, 3.26963, 267.166, -12.8667
301, 4.78181, 266.373, -12.8437
301, 6.32902, 265.416, -12.8863
301, 7.89913, 264.426, -12.789
301, 9.35078, 263.515, -12.5787
301, 10.7718, 262.612, -12.3218
301, 12.2136, 261.647, -12.1473
301, 13.5849, 260.642, -11.9674
301, 15.0596, 259.313, -11.6181
301, 16.4108, 258.204, -11.2018
301, 17.723, 257.066, -10.6802
301, 18.9771, 256.042, -10.1646
301, 20.1299, 255.153, -9.74625
301, 21.4562, 254.254, -9.35533
301, 22.6357, 253.65, -9.07732
301, 23.6217, 253.159, -8.87081
301, 24.6723, 251.567, -8.36292
301, 25.5478, 250.563, -8.02809
301, 26.3234, 249.682, -7.71799
301, 26.9046, 249.051, -7.48324
301, 27.4102, 248.514, -7.23011
301, 27.9065, 248.02, -6.94243
301, 28.3652, 247.349, -6.48356
301, 28.9364, 246.588, -5.783
301, 29.2917, 245.82, -5.13046
301, 29.3468, 244.792, -4.29592
301, 29.2081, 244.022, -3.66839
301, 28.9209, 243.184, -3.09602
301, 28.4006, 242.138, -2.65713
301, 27.8061, 241.322, -2.29631
301, 27.0053, 240.391, -1.76272
301, 25.683, 239.326, -0.692443
301, 24.5211, 238.517, 0.11436
301, 23.2879, 237.939, 0.733452
301, 21.7686, 237.441, 1.34811
301, 20.2713, 236.961, 1.9146
301, 18.5793, 236.274, 2.43779
301, 16.7875, 235.892, 2.91302
301, 15.201, 235.55, 3.2679
301, 13.6832, 235.322, 3.60346
301, 11.743, 235.053, 3.57095
301, 10.0563, 234.878, 3.58716
301, 8.56488, 235.07, 3.4712
301, 7.42027, 235.435, 3.37077
301, 6.22615, 235.794, 3.28662
301, 5.14531, 236.153, 3.22899
301, 4.22623, 236.599, 3.13734
301, 3.48504, 236.975, 2.92612
301, 2.84467, 237.757, 2.6106
301, 2.40184, 238.314, 2.37202
301, 1.79754, 238.863, 1.94497
301, 1.24983, 239.345, 1.53858
301, 0.726156, 240.127, 0.897082
301, 0.343997, 241.22, -0.188077
301, 0.161978, 241.898, -0.988638
301, 0.287781, 242.842, -1.5472
301, 0.726233, 244.201, -2.23477
301, 1.36782, 245.523, -2.86822
301, 2.12507, 246.856, -3.49008
301, 3.11099, 248.157, -4.09995
301, 4.08226, 248.755, -4.91298
301, 5.18073, 249.041, -5.54076
301, 5.92855, 249.373, -5.97667
301, 7.06232, 249.951, -6.48915
301, 8.36121, 250.691, -7.2099
301, 9.66329, 251.419, -7.80522
301, 10.7817, 252.155, -8.38643
301, 11.9156, 253.01, -9.02012
301, 13.0118, 253.642, -9.61311
301, 13.9309, 254.114, -10.0387
301, 14.7675, 254.716, -10.5002
301, 15.5463, 255.588, -10.8989
301, 16.1169, 256.197, -11.2138
301, 16.6352, 256.972, -11.6156
301, 17.0332, 257.655, -11.9417
301, 17.36, 258.322, -12.1864
301, 17.6237, 258.972, -12.4199
301, 17.8236, 259.566, -12.6344
301, 17.9676, 260.197, -12.9202
301, 17.9432, 260.954, -13.3905
301, 17.8248, 261.717, -13.7822
301, 17.5576, 262.758, -14.1996
301, 16.4933, 264.713, -15.027
301, 16.2188, 265.263, -15.2407
301, 15.7458, 266.009, -15.5487
301, 15.1098, 266.758, -15.8453
301, 14.5408, 267.492, -16.1185
301, 13.8815, 268.361, -16.3263
301, 13.392, 269.051, -16.4887
301, 12.4268, 269.983, -16.8395
301, 11.3869, 270.823, -17.3032
301, 10.5876, 271.43, -17.7617
301, 10.009, 272.549, -18.0441
301, 9.4505, 273.54, -18.2058
301, 9.06238, 274.201, -18.3035
301, 8.60083, 274.654, -18.409
301, 8.17591, 275.058, -18.5556
301, 7.8631, 275.345, -18.6582
301, 7.61756, 275.798, -18.7394
301, 7.42697, 276.135, -18.7976
301, 7.28024, 276.404, -18.8446
301, 7.10671, 276.687, -18.8818
301, 6.96137, 276.929, -18.9144
301, 6.83396, 277.147, -18.9359
301, 6.71879, 277.312, -18.9516
301, 6.62017, 277.464, -18.9772
301, 6.50652, 277.578, -19.0033
301, 6.39821, 277.641, -19.0273
301, 6.27384, 277.669, -19.0451
301, 6.13019, 277.687, -19.068
301, 6.01635, 277.752, -19.106
301, 5.89024, 277.765, -19.1266
301, 5.78178, 277.752, -19.136
301, 5.68522, 277.748, -19.146
301, 5.60223, 277.724, -19.1445
301, 5.52752, 277.71, -19.142
301, 5.45899, 277.69, -19.1369
301, 5.37456, 277.603, -19.1073
301, 5.29223, 277.496, -19.0712
301, 5.22667, 277.416, -19.0458
301, 5.15262, 277.3, -19.0159
301, 5.04675, 277.116, -18.9603
301, 4.98365, 277.019, -18.9345
301, 4.93796, 276.917, -18.9086
301, 4.86266, 276.741, -18.8563
301, 4.7973, 276.538, -18.7994
301, 4.78262, 276.446, -18.7772
301, 4.7744, 276.372, -18.76
301, 4.76362, 276.289, -18.7394
301, 4.7926, 276.269, -18.7277
